c ---- [ banner ] ------------------------------------------------------------
c
c Kissat SAT Solver
c 
c Copyright (c) 2021-2024 Armin Biere University of Freiburg
c Copyright (c) 2019-2021 Armin Biere Johannes Kepler University Linz
c 
c Version 4.0.4 unknown
c gcc (Ubuntu 15.2.0-16ubuntu1) 15.2.0 -W -Wall -O3 -DNDEBUG
c Sat Sep 5 21:05:05 EDT 2026 Linux server7 7.0.0-29-generic x86_64
c
c ---- [ parsing ] -----------------------------------------------------------
c
c opened and reading DIMACS file:
c
c   /home/mjbommar/p4dfa-cnf/compose.s3._bit8_na6_nr3_paired.cnf
c
c parsed 'p cnf 473949 1729550' header
c closing input after reading 36876847 bytes (35 MB)
c finished parsing after 0.18 seconds
c
c ---- [ options ] -----------------------------------------------------------
c
c --statistics=true                (different from default 'false')
c
c ---- [ solving ] -----------------------------------------------------------
c
c seconds  switched rate     size/glue tier1   binary             remaining
c         MB reductions conflicts size  tier2       irredundant
c          level restarts redundant glue  trail             variables
c
c *  0.18 111 0 0 0  0 0   0   0 0.0 0 0 0 0 0% 415452 1313792 473433 100%
c (  0.19 113 0 0 0  0 0   0   0 0.0 0 0 0 0 0% 415452 1313792 473433 100%
c .  0.23 119 0 0 0  0 0   0   0 0.0 0 0 0 0 0% 420630 1303274 473433 100%
c c  0.77 214 0 0 0  0 0   0   0 0.0 0 0 0 0 0% 423990 1302626 443832 94%
c d  0.82 214 0 0 0  0 0   0   0 0.0 0 0 0 0 0% 362076 1301978 443832 94%
c )  0.96 222 0 0 0  0 0   0   0 0.0 0 0 0 0 0% 361428 1301978 443832 94%
c {  1.03 229 0 0 0  0 0   0   0 0.0 0 0 2 6 0% 361428 1301978 443832 94%
c -  1.29 232 1063 0 1 159 74 1001 812 1.9 8 5 4 8 7% 361478 1301978 443832 94%
c }  1.29 232 1063 1 1 159 74 1001 812 1.9 8 5 4 8 7% 361478 1301978 443832 94%
c [  1.29 232 0 1 1 159 0 1001 812 0.0 0 0 2 6 0% 361478 1301978 443832 94%
c B  1.29 232 0 1 1 159 0 1001 812 0.0 0 0 2 6 0% 361478 1301978 443832 94%
c -  1.48 232 266 1 2 159 7 2001 1634 1.9 20 10 5 17 10% 361500 1301977 443832 94%
c W  1.68 219 266 1 2 159 7 2003 1636 1.9 20 10 5 17 10% 361500 1301977 443832 94%
c ]  1.74 220 219 2 2 160 6 2785 2330 2.1 18 9 5 17 9% 361505 1301977 443832 94%
c {  1.74 220 1063 2 2 160 74 2785 2330 1.9 8 5 4 8 7% 361505 1301977 443832 94%
c c  2.34 248 815 2 2 193 57 3173 2676 1.8 8 4 3 8 7% 361529 1301977 443831 94%
c d  2.40 248 815 2 2 193 57 3173 2676 1.8 8 4 3 8 7% 361527 1301977 443831 94%
c u  2.47 250 815 2 2 193 57 3173 2438 1.8 8 4 3 8 7% 361526 1301977 443831 94%
c v  2.51 250 815 2 2 193 57 3173 2399 1.8 8 4 3 8 7% 361526 1301977 443831 94%
c w  2.55 250 815 2 2 193 57 3173 2392 1.8 8 4 3 8 7% 361526 1301977 443831 94%
c
c seconds    switched   rate       size/glue tier1   binary             remaining
c         MB  reductions conflicts      size  tier2       irredundant
c           level restarts    redundant   glue  trail             variables
c
c x  2.60 250 815 2 2 193 57 3173 2392 1.8 8 4 3 8 7% 361544 1301890 443831 94%
c u  2.84 251 815 2 2 193 57 3173 1976 1.8 8 4 3 8 7% 361546 1301890 443831 94%
c v  2.89 251 815 2 2 193 57 3173 1902 1.8 8 4 3 8 7% 361546 1301890 443831 94%
c w  2.92 251 815 2 2 193 57 3173 1897 1.8 8 4 3 8 7% 361546 1301890 443831 94%
c x  2.97 251 815 2 2 193 57 3173 1897 1.8 8 4 3 8 7% 361546 1301822 443831 94%
c -  3.28 257 708 2 3 235 52 3415 1947 1.8 8 5 4 9 7% 361573 1301822 443831 94%
c }  3.40 258 590 3 3 287 44 3785 2284 1.8 8 5 4 9 7% 361594 1301822 443831 94%
c [  3.40 258 219 3 3 287 6 3785 2284 2.1 18 9 5 17 9% 361594 1301822 443831 94%
c I  3.45 259 195 3 3 287 6 4263 2702 2.0 18 9 5 17 8% 361599 1301822 443831 94%
c ]  3.65 260 172 4 3 288 5 5003 3392 1.9 18 10 5 16 8% 361604 1301822 443831 94%
c {  3.65 260 590 4 3 288 44 5003 3392 1.8 8 5 4 9 7% 361604 1301822 443831 94%
c -  3.76 260 585 4 4 308 45 5148 3109 1.8 8 5 4 9 8% 361614 1301822 443831 94%
c -  5.01 262 379 4 5 655 38 7148 4280 1.8 9 5 3 8 9% 361687 1301820 443831 94%
c }  5.11 262 368 5 5 668 37 7355 4474 1.8 9 5 3 8 10% 361696 1301820 443831 94%
c [  5.11 262 172 5 5 668 5 7355 4474 1.9 18 10 5 16 8% 361696 1301820 443831 94%
c B  5.27 262 159 5 5 668 5 8034 5131 1.9 18 9 5 16 9% 361701 1301820 443831 94%
c -  5.66 263 184 5 6 669 5 9384 5534 1.9 19 10 5 17 17% 361717 1301820 443831 94%
c u  6.41 259 192 5 6 670 5 9769 4760 1.9 20 10 5 17 18% 361730 1301820 443831 94%
c v  6.54 259 192 5 6 670 5 9769 4087 1.9 20 10 5 17 18% 361730 1301820 443831 94%
c w  6.60 260 192 5 6 670 5 9769 4062 1.9 20 10 5 17 18% 361730 1301820 443831 94%
c
c seconds    switched  rate       size/glue  tier1      binary             remaining
c         MB  reductions conflicts      size   tier2         irredundant
c           level restarts   redundant     glue    trail             variables
c
c d  6.66 260 192 5 6 670 5 9769 4062 1.9 20 10 5 17 18% 361728 1301818 443830 94%
c t  6.71 260 192 5 6 670 5 9769 4062 1.9 20 10 5 17 18% 361725 1301818 443830 94%
c u  6.94 260 192 5 6 670 5 9769 3918 1.9 20 10 5 17 18% 361728 1301818 443830 94%
c v  7.05 260 192 5 6 670 5 9769 3698 1.9 20 10 5 17 18% 361729 1301818 443830 94%
c w  7.10 260 192 5 6 670 5 9769 3689 1.9 20 10 5 17 18% 361729 1301818 443830 94%
c x  7.16 260 192 5 6 670 5 9769 3689 1.9 20 10 5 17 18% 361731 1301561 443830 94%
c d  7.22 260 192 5 6 670 5 9769 3689 1.9 20 10 5 17 18% 361729 1301561 443829 94%
c o  8.01 262 209 5 6 671 5 11544 5386 1.9 23 12 5 17 18% 361743 1301561 443829 94%
c ]  8.15 262 210 6 6 671 5 11659 5496 1.9 23 12 5 17 18% 361743 1301561 443829 94%
c {  8.15 262 368 6 6 671 37 11659 5496 1.8 9 5 3 8 10% 361743 1301561 443829 94%
c -  8.34 263 363 6 7 711 38 11833 4722 1.8 9 5 3 8 10% 361743 1301561 443829 94%
c -  9.69 267 326 6 8 991 35 14479 6162 1.8 9 5 3 8 10% 361822 1301561 443829 94%
c } 10.33 267 299 7 8 1226 34 15728 7304 1.7 9 5 3 8 10% 361847 1301561 443829 94%
c [ 10.33 267 210 7 8 1226 5 15728 7304 1.9 23 12 5 17 18% 361847 1301561 443829 94%
c W 10.55 256 210 7 8 1226 5 15728 7304 1.9 23 12 5 17 18% 361846 1301561 443829 94%
c s 10.75 257 208 7 8 1226 5 15855 7424 1.8 23 12 5 17 18% 361848 1301542 443829 94%
c e 12.31 422 208 7 8 1226 5 15855 7424 1.8 23 12 5 17 18% 38881 1137659 142868 30%
c 2 12.31 422 208 7 8 1226 5 15855 7424 1.8 23 12 5 17 18% 38879 1137659 142868 30%
c s 12.53 422 208 7 8 1226 5 15855 7424 1.8 23 12 5 17 18% 38879 1136448 142868 30%
c e 12.64 334 208 7 8 1226 5 15855 7424 1.8 23 12 5 17 18% 38873 1136454 142865 30%
c
c seconds    switched   rate        size/glue  tier1     binary             remaining
c         MB  reductions  conflicts       size   tier2        irredundant
c           level  restarts    redundant     glue    trail            variables
c
c ^ 12.64 334 208 7 8 1226 5 15855 7424 1.8 23 12 5 17 18% 38873 1136454 142865 30%
c - 12.90 325 186 7 9 1227 5 17308 2147 1.8 23 13 5 22 17% 38875 1136453 142865 30%
c d 13.02 326 162 7 9 1228 4 20012 4525 1.8 23 13 5 22 14% 38877 1136453 142863 30%
c u 13.13 326 162 7 9 1228 4 20012 4162 1.8 23 13 5 22 14% 38877 1136453 142863 30%
c v 13.19 327 162 7 9 1228 4 20012 3689 1.8 23 13 5 22 14% 38877 1136453 142863 30%
c w 13.30 328 162 7 9 1228 4 20012 3251 1.8 23 13 5 22 14% 38877 1136453 142863 30%
c t 13.76 331 162 7 9 1228 4 20012 3251 1.8 23 13 5 22 14% 38875 1136453 142863 30%
c f 14.30 286 162 7 9 1228 4 20012 3251 1.8 23 13 5 22 14% 38831 1134903 142901 30%
c c 14.74 306 162 7 9 1228 4 20012 3230 1.8 23 13 5 22 14% 72190 1068031 126211 27%
c d 14.78 307 162 7 9 1228 4 20012 3230 1.8 23 13 5 22 14% 38810 1068031 126211 27%
c u 14.87 309 162 7 9 1228 4 20012 3214 1.8 23 13 5 22 14% 38810 1068031 126211 27%
c v 14.92 310 162 7 9 1228 4 20012 3097 1.8 23 13 5 22 14% 38810 1068031 126211 27%
c w 15.00 312 162 7 9 1228 4 20012 2905 1.8 23 13 5 22 14% 38810 1068031 126211 27%
c - 15.30 312 159 7 10 1229 4 20308 2910 1.8 23 13 6 22 14% 38810 1068031 126211 27%
c O 15.39 314 144 7 10 1231 4 23256 5480 1.7 23 14 6 22 12% 38810 1068031 126211 27%
c o 15.42 314 144 7 10 1231 4 23256 5480 1.7 23 14 6 22 12% 38810 1068031 126211 27%
c - 15.50 319 155 7 11 1231 4 23470 4806 1.7 23 14 7 23 12% 38810 1068031 126211 27%
c - 15.95 325 183 7 12 1232 4 26786 6337 1.7 26 16 7 26 14% 38820 1068029 126211 27%
c - 16.04 327 170 7 13 1234 3 30251 7299 1.7 28 17 7 26 13% 38821 1068029 126211 27%
c s 16.14 328 167 7 13 1234 3 30932 7917 1.7 28 17 7 26 13% 38824 1066548 126211 27%
c
c seconds    switched    rate        size/glue  tier1     binary             remaining
c         MB   reductions  conflicts       size   tier2        irredundant
c           level   restarts    redundant     glue    trail            variables
c
c e 16.55 337 167 7 13 1234 3 30932 7917 1.7 28 17 7 26 13% 33576 1072071 122473 26%
c ^ 16.68 337 167 7 13 1234 3 30932 7917 1.7 28 17 7 26 13% 33576 1072071 122473 26%
c B 16.81 303 159 7 13 1235 3 33018 9419 1.7 27 16 7 26 12% 33580 1072071 122473 26%
c u 16.95 306 158 7 13 1236 3 33320 9279 1.7 27 16 7 26 12% 33581 1072071 122473 26%
c v 17.01 308 158 7 13 1236 3 33320 8929 1.7 27 16 7 26 12% 33581 1072071 122473 26%
c w 17.05 308 158 7 13 1236 3 33320 8900 1.7 27 16 7 26 12% 33581 1072071 122473 26%
c x 17.12 311 158 7 13 1236 3 33320 8900 1.7 27 16 7 26 12% 33581 1069918 122473 26%
c f 17.28 278 158 7 13 1236 3 33320 8900 1.7 27 16 7 26 12% 33629 1069655 122497 26%
c u 17.63 310 158 7 13 1236 3 33320 8874 1.7 27 16 7 26 12% 33629 1069655 122491 26%
c v 17.71 314 158 7 13 1236 3 33320 8293 1.7 27 16 7 26 12% 33629 1069655 122491 26%
c w 17.76 314 158 7 13 1236 3 33320 8244 1.7 27 16 7 26 12% 33629 1069655 122491 26%
c - 17.96 315 156 7 14 1236 3 33856 6845 1.7 27 16 7 25 12% 33620 1069651 122491 26%
c - 18.16 318 149 7 15 1239 3 37597 7713 1.6 28 17 8 25 11% 33625 1069651 122491 26%
c - 18.39 323 146 7 16 1239 3 41469 8326 1.6 28 17 8 26 11% 33636 1069651 122491 26%
c ] 18.47 323 144 8 16 1240 3 42900 9691 1.6 28 17 8 26 11% 33643 1069650 122491 26%
c { 18.47 323 299 8 16 1240 34 42900 9691 1.7 9 5 3 8 10% 33643 1069650 122491 26%
c o 18.51 323 289 8 16 1336 33 43283 10001 1.7 9 5 3 8 9% 33652 1069650 122491 26%
c - 18.75 328 251 8 17 1922 32 45469 9389 1.6 10 6 4 10 8% 33703 1069642 122491 26%
c } 19.13 331 228 9 17 2796 31 49059 12450 1.5 10 7 4 10 7% 33786 1069623 122491 26%
c [ 19.13 331 144 9 17 2796 3 49059 12450 1.6 28 17 8 26 11% 33786 1069623 122491 26%
c
c seconds    switched    rate         size/glue  tier1     binary             remaining
c         MB   reductions  conflicts        size   tier2        irredundant
c           level   restarts     redundant     glue    trail            variables
c
c W 19.28 330 144 9 17 2796 3 49059 12450 1.6 28 17 8 26 11% 33786 1069623 122491 26%
c - 19.31 331 143 9 18 2796 3 49592 10481 1.6 28 17 8 26 11% 33787 1069623 122491 26%
c u 19.48 332 141 9 18 2797 3 50452 11024 1.6 28 17 8 26 11% 33788 1069623 122491 26%
c v 19.55 332 141 9 18 2797 3 50452 10609 1.6 28 17 8 26 11% 33788 1069623 122491 26%
c w 19.60 333 141 9 18 2797 3 50452 10571 1.6 28 17 8 26 11% 33788 1069623 122491 26%
c x 19.67 334 141 9 18 2797 3 50452 10571 1.6 28 17 8 26 11% 33788 1067122 122491 26%
c - 20.30 335 140 9 19 2799 3 53834 10770 1.6 29 18 8 26 10% 33790 1067121 122491 26%
c ] 20.56 336 134 10 19 2802 3 58159 14896 1.6 30 19 8 26 10% 33798 1067119 122491 26%
c { 20.56 336 228 10 19 2802 31 58159 14896 1.5 10 7 4 10 7% 33798 1067119 122491 26%
c - 20.58 336 231 10 20 2803 32 58193 11251 1.5 10 7 4 11 7% 33806 1067119 122491 26%
c - 21.14 311 212 10 21 3823 31 62667 12672 1.5 11 7 5 11 6% 33893 1067100 122491 26%
c s 21.31 311 208 10 21 3946 30 63345 13235 1.5 11 7 5 11 6% 33905 1066378 122491 26%
c e 21.84 339 208 10 21 3946 30 63345 13235 1.5 11 7 5 11 6% 16822 1115478 104677 22%
c s 21.95 339 208 10 21 3946 30 63345 13235 1.5 11 7 5 11 6% 16860 1105194 104677 22%
c ^ 22.05 339 208 10 21 3946 30 63345 13235 1.5 11 7 5 11 6% 16860 1105194 104677 22%
c } 22.31 311 191 11 21 4666 29 66786 13797 1.4 11 7 5 11 5% 16904 1105191 104677 22%
c [ 22.31 311 134 11 21 4666 3 66786 13797 1.6 30 19 8 26 10% 16904 1105191 104677 22%
c I 22.32 311 134 11 21 4666 3 66786 13797 1.6 30 19 8 26 10% 16904 1105191 104677 22%
c - 22.40 313 134 11 22 4666 3 67249 12354 1.6 30 19 8 27 10% 16905 1105191 104677 22%
c u 22.79 323 129 11 22 4669 3 71521 15568 1.6 30 19 8 27 9% 16906 1105191 104677 22%
c
c seconds     switched    rate         size/glue  tier1    binary             remaining
c         MB    reductions  conflicts        size   tier2       irredundant
c           level    restarts     redundant     glue   trail            variables
c
c v 22.87 323 129 11 22 4669 3 71521 15171 1.6 30 19 8 27 9% 16906 1105191 104677 22%
c w 22.93 324 129 11 22 4669 3 71521 15160 1.6 30 19 8 27 9% 16906 1105191 104677 22%
c x 23.01 325 129 11 22 4669 3 71521 15160 1.6 30 19 8 27 9% 16906 1101521 104677 22%
c - 23.27 325 128 11 23 4669 3 71939 12982 1.6 30 19 8 27 9% 16906 1101521 104677 22%
c - 23.54 327 121 11 24 4672 3 76735 14237 1.6 30 19 8 27 9% 16921 1101521 104677 22%
c ] 23.64 327 119 12 24 4672 3 78564 15989 1.6 30 18 8 27 9% 16932 1101520 104677 22%
c { 23.64 327 191 12 24 4672 29 78564 15989 1.4 11 7 5 11 5% 16932 1101520 104677 22%
c o 23.68 327 191 12 24 4675 29 78582 16003 1.4 11 7 5 11 5% 16934 1101520 104677 22%
c - 23.97 330 180 12 25 5262 28 81637 16285 1.4 11 8 6 11 5% 16988 1101520 104677 22%
c - 24.34 331 176 12 26 6059 26 86637 17860 1.4 11 8 6 11 5% 17095 1101519 104677 22%
c } 24.64 331 173 13 26 6626 26 90043 20602 1.4 11 8 6 11 5% 17153 1101519 104677 22%
c [ 24.64 331 119 13 26 6626 3 90043 20602 1.6 30 18 8 27 9% 17153 1101519 104677 22%
c B 24.64 331 119 13 26 6626 3 90043 20602 1.6 30 18 8 27 9% 17153 1101519 104677 22%
c - 24.76 332 123 13 27 6627 3 91736 19326 1.6 30 18 8 27 10% 17157 1101519 104677 22%
c c 25.36 264 124 13 27 6631 3 96739 24006 1.6 30 18 8 27 10% 22655 1090523 101928 22%
c d 25.40 264 124 13 27 6631 3 96739 24006 1.6 30 18 8 27 10% 17157 1090523 101928 22%
c u 25.53 274 124 13 27 6631 3 96739 23571 1.6 30 18 8 27 10% 17158 1090523 101928 22%
c v 25.61 276 124 13 27 6631 3 96739 22807 1.6 30 18 8 27 10% 17158 1090523 101928 22%
c w 25.67 276 124 13 27 6631 3 96739 22757 1.6 30 18 8 27 10% 17158 1090523 101928 22%
c x 25.75 278 124 13 27 6631 3 96739 22714 1.6 30 18 8 27 10% 17160 1089591 101928 22%
c
c seconds     switched    rate         size/glue  tier1     binary             remaining
c         MB    reductions  conflicts        size   tier2        irredundant
c           level    restarts     redundant     glue    trail            variables
c
c u 26.13 280 124 13 27 6631 3 96739 22543 1.6 30 18 8 27 10% 17160 1089591 101928 22%
c v 26.21 280 124 13 27 6631 3 96739 22243 1.6 30 18 8 27 10% 17160 1089591 101928 22%
c w 26.26 280 124 13 27 6631 3 96739 22173 1.6 30 18 8 27 10% 17160 1089591 101928 22%
c x 26.34 281 124 13 27 6631 3 96739 22165 1.6 30 18 8 27 10% 17160 1089284 101928 22%
c - 26.56 281 123 13 28 6631 3 96933 19346 1.6 30 18 8 26 10% 17161 1089284 101928 22%
c - 26.63 281 114 13 29 6632 3 102224 20599 1.6 29 18 8 25 9% 17169 1089284 101928 22%
c - 26.77 282 109 13 30 6636 3 107609 22527 1.6 28 18 8 24 8% 17170 1089284 101928 22%
c W 27.05 290 107 13 30 6638 3 110955 25623 1.6 28 18 8 24 8% 17174 1089284 101928 22%
c ] 27.10 291 107 14 30 6639 3 112079 26629 1.6 28 18 8 24 8% 17177 1089284 101928 22%
c { 27.10 291 173 14 30 6639 26 112079 26629 1.4 11 8 6 11 5% 17177 1089284 101928 22%
c - 27.24 293 173 14 31 6761 25 113086 23787 1.4 11 8 6 11 5% 17204 1089284 101928 22%
c s 27.58 258 169 14 31 7198 25 115658 25902 1.4 11 8 6 11 5% 17251 1088730 101928 22%
c e 28.03 286 169 14 31 7198 25 115658 25902 1.4 11 8 6 11 5% 11540 1112563 95654 20%
c 2 28.03 286 169 14 31 7198 25 115658 25902 1.4 11 8 6 11 5% 11537 1112563 95654 20%
c s 28.15 286 169 14 31 7198 25 115658 25902 1.4 11 8 6 11 5% 11656 1111184 95654 20%
c ^ 28.22 286 169 14 31 7198 25 115658 25902 1.4 11 8 6 11 5% 11656 1111184 95654 20%
c o 28.47 294 164 14 31 7779 25 118611 24606 1.4 11 8 6 11 4% 11656 1111183 95654 20%
c - 28.50 295 163 14 32 7786 25 118653 21727 1.4 11 8 6 12 4% 11656 1111183 95654 20%
c - 29.09 275 159 14 33 8624 24 124309 23418 1.4 12 8 6 12 4% 11665 1111176 95654 20%
c u 29.62 279 160 14 33 8898 24 126167 24670 1.4 12 8 6 12 4% 11673 1111172 95654 20%
c
c seconds     switched     rate          size/glue tier1    binary            remaining
c         MB    reductions   conflicts         size  tier2       irredundant
c           level    restarts       redundant    glue   trail            variables
c
c v 29.70 281 160 14 33 8898 24 126167 24091 1.4 12 8 6 12 4% 11673 1111172 95654 20%
c w 29.75 281 160 14 33 8898 24 126167 24065 1.4 12 8 6 12 4% 11673 1111172 95654 20%
c x 29.83 283 160 14 33 8898 24 126167 24051 1.4 12 8 6 12 4% 11675 1110770 95654 20%
c t 29.93 283 160 14 33 8898 24 126167 24051 1.4 12 8 6 12 4% 11674 1110770 95654 20%
c } 30.11 285 159 15 33 9012 24 126796 24574 1.4 12 8 6 12 4% 11674 1110769 95654 20%
c [ 30.11 285 107 15 33 9012 3 126796 24574 1.6 28 18 8 24 8% 11674 1110769 95654 20%
c - 30.30 288 108 15 34 9014 3 130055 24559 1.6 28 17 8 24 8% 11679 1110767 95654 20%
c O 30.44 289 106 15 34 9017 3 135182 29336 1.6 28 17 8 24 8% 11681 1110762 95654 20%
c - 30.49 289 106 15 35 9018 3 135886 26306 1.6 28 17 8 24 8% 11682 1110762 95654 20%
c - 30.70 290 105 15 36 9020 3 141802 27138 1.6 28 18 8 25 8% 11683 1110760 95654 20%
c - 30.89 290 103 15 37 9024 3 147803 27721 1.6 29 18 8 24 7% 11689 1110758 95654 20%
c - 31.21 292 104 15 38 9026 3 153886 29083 1.6 30 18 8 24 8% 11692 1110756 95654 20%
c ] 31.22 292 104 16 38 9026 3 154314 29507 1.6 30 18 8 24 8% 11693 1110756 95654 20%
c { 31.22 292 159 16 38 9026 24 154314 29507 1.4 12 8 6 12 4% 11693 1110756 95654 20%
c u 31.91 295 155 16 38 9861 24 159997 33588 1.4 12 9 6 12 4% 11694 1110750 95654 20%
c v 31.99 295 155 16 38 9861 24 159997 33014 1.4 12 9 6 12 4% 11694 1110750 95654 20%
c w 32.04 295 155 16 38 9861 24 159997 32975 1.4 12 9 6 12 4% 11694 1110750 95654 20%
c x 32.13 295 155 16 38 9861 24 159997 32973 1.4 12 9 6 12 4% 11732 1110400 95654 20%
c = 32.39 305 155 16 38 9861 24 159997 32973 1.4 12 9 6 12 4% 11736 1110391 95652 20%
c d 32.44 305 155 16 38 9861 24 159997 32973 1.4 12 9 6 12 4% 11731 1110391 95652 20%
c
c seconds     switched     rate          size/glue tier1    binary            remaining
c         MB    reductions   conflicts         size  tier2       irredundant
c           level    restarts       redundant    glue   trail            variables
c
c u 32.82 261 155 16 38 9861 24 159997 30786 1.4 12 9 6 12 4% 11734 1110391 95652 20%
c v 32.89 265 155 16 38 9861 24 159997 30290 1.4 12 9 6 12 4% 11734 1110391 95652 20%
c w 32.95 266 155 16 38 9861 24 159997 30257 1.4 12 9 6 12 4% 11734 1110391 95652 20%
c x 33.02 268 155 16 38 9861 24 159997 30256 1.4 12 9 6 12 4% 11734 1110391 95652 20%
c - 33.20 269 155 16 39 9861 24 160052 27027 1.4 12 9 6 12 4% 11734 1110391 95652 20%
c - 33.75 277 153 16 40 10688 23 166296 29248 1.4 12 9 6 12 4% 11737 1110374 95652 20%
c o 33.95 278 153 16 40 10944 23 168613 31172 1.4 12 9 6 12 4% 11737 1110370 95652 20%
c - 34.34 284 153 16 41 11217 22 172620 31378 1.4 12 9 6 12 4% 11740 1110367 95652 20%
c } 34.34 284 153 17 41 11218 22 172651 31409 1.4 12 9 6 12 4% 11740 1110367 95652 20%
c [ 34.34 284 104 17 41 11218 3 172651 31409 1.6 30 18 8 24 8% 11740 1110367 95652 20%
c B 34.34 284 104 17 41 11218 3 172651 31409 1.6 30 18 8 24 8% 11740 1110367 95652 20%
c - 34.68 287 109 17 42 11222 3 179023 32873 1.6 30 19 7 24 8% 11746 1110364 95652 20%
c - 35.24 291 109 17 43 11225 3 185503 34079 1.6 30 18 7 24 9% 11758 1110359 95652 20%
c s 35.72 292 107 17 43 11228 3 189999 38294 1.6 30 18 7 24 9% 11805 1110136 95652 20%
c e 36.26 306 107 17 43 11228 3 189999 38294 1.6 30 18 7 24 9% 11507 1150365 89148 19%
c 2 36.26 306 107 17 43 11228 3 189999 38294 1.6 30 18 7 24 9% 11391 1150365 89148 19%
c s 36.43 306 107 17 43 11228 3 189999 38294 1.6 30 18 7 24 9% 11603 1136776 89148 19%
c e 36.57 306 107 17 43 11228 3 189999 38294 1.6 30 18 7 24 9% 11595 1136832 89140 19%
c ^ 36.57 306 107 17 43 11228 3 189999 38294 1.6 30 18 7 24 9% 11595 1136832 89140 19%
c - 36.81 270 107 17 44 11230 3 192060 29618 1.6 30 18 7 24 9% 11596 1136825 89140 19%
c
c seconds     switched     rate          size/glue  tier1    binary            remaining
c         MB    reductions   conflicts         size   tier2       irredundant
c           level    restarts       redundant     glue   trail            variables
c
c ] 36.85 270 107 18 44 11230 3 192704 30220 1.6 30 18 7 24 9% 11596 1136825 89140 19%
c { 36.85 270 153 18 44 11230 22 192704 30220 1.4 12 9 6 12 4% 11596 1136825 89140 19%
c u 37.72 285 153 18 44 11668 21 198289 33813 1.4 12 9 6 12 4% 11719 1136813 89140 19%
c v 37.86 287 153 18 44 11668 21 198289 32431 1.4 12 9 6 12 4% 11719 1136813 89140 19%
c w 37.94 288 153 18 44 11668 21 198289 32397 1.4 12 9 6 12 4% 11719 1136813 89140 19%
c t 38.03 288 153 18 44 11668 21 198289 32397 1.4 12 9 6 12 4% 11633 1136813 89140 19%
c - 38.25 288 153 18 45 11694 21 198694 30236 1.4 12 9 6 12 4% 11633 1136813 89140 19%
c - 38.80 292 151 18 46 12198 19 205402 32591 1.4 13 9 6 12 5% 11635 1136799 89140 19%
c - 39.35 294 151 18 47 12637 18 212184 35833 1.4 13 9 6 11 5% 11645 1136780 89140 19%
c } 39.63 294 150 19 47 12831 18 215050 38342 1.4 13 9 6 11 5% 11645 1136777 89140 19%
c [ 39.63 294 107 19 47 12831 3 215050 38342 1.6 30 18 7 24 9% 11645 1136777 89140 19%
c W 39.78 298 107 19 47 12831 3 215050 38342 1.6 30 18 7 24 9% 11645 1136777 89140 19%
c - 39.91 299 103 19 48 12833 3 219040 38431 1.6 29 18 7 23 8% 11645 1136777 89140 19%
c - 40.09 300 96 19 49 12837 3 225968 40319 1.6 29 18 7 23 8% 11645 1136777 89140 19%
c - 40.29 300 90 19 50 12841 3 232969 41135 1.6 29 18 7 22 7% 11645 1136777 89140 19%
c - 40.58 267 86 19 51 12844 2 240040 41957 1.6 29 18 7 22 7% 11649 1136776 89140 19%
c u 40.78 273 86 19 51 12845 2 241303 42276 1.6 29 18 7 22 7% 11649 1136776 89140 19%
c v 40.87 274 86 19 51 12845 2 241303 41177 1.6 29 18 7 22 7% 11649 1136776 89140 19%
c w 40.93 275 86 19 51 12845 2 241303 41132 1.6 29 18 7 22 7% 11649 1136776 89140 19%
c x 41.02 283 86 19 51 12845 2 241303 41132 1.6 29 18 7 22 7% 11649 1136774 89140 19%
c
c seconds    switched     rate          size/glue  tier1    binary            remaining
c         MB   reductions   conflicts         size   tier2       irredundant
c          level    restarts       redundant     glue   trail            variables
c
c o 41.63 299 86 19 51 12845 2 241303 41132 1.6 29 18 7 22 7% 11649 1136774 89140 19%
c - 42.17 300 89 19 52 12845 2 247182 40553 1.6 29 18 7 22 7% 11649 1136774 89140 19%
c ] 42.25 300 89 20 52 12845 2 247871 41177 1.6 29 18 7 22 7% 11649 1136774 89140 19%
c { 42.25 300 150 20 52 12845 18 247871 41177 1.4 13 9 6 11 5% 11649 1136774 89140 19%
c - 42.70 279 146 20 53 13436 17 254394 41253 1.4 13 9 6 11 5% 11653 1136703 89140 19%
c - 43.19 282 146 20 54 14167 17 261676 42667 1.4 13 9 6 11 5% 11655 1136621 89140 19%
c - 43.76 285 145 20 55 14851 17 269024 44224 1.4 13 9 6 11 5% 11661 1136571 89140 19%
c } 44.08 286 144 21 55 15399 16 274611 48705 1.4 13 9 6 11 5% 11662 1136518 89140 19%
c [ 44.08 286 89 21 55 15399 2 274611 48705 1.6 29 18 7 22 7% 11662 1136518 89140 19%
c I 44.08 286 89 21 55 15399 2 274611 48705 1.6 29 18 7 22 7% 11662 1136518 89140 19%
c - 44.17 288 92 21 56 15400 2 276441 45723 1.6 29 18 7 22 7% 11662 1136475 89140 19%
c - 44.43 289 94 21 57 15405 2 283927 46654 1.6 29 18 7 22 7% 11668 1136405 89140 19%
c s 44.78 290 93 21 57 15406 2 288710 50972 1.6 29 18 7 22 7% 11671 1127819 89140 19%
c e 45.57 335 93 21 57 15406 2 288710 50972 1.6 29 18 7 22 7% 11029 1386709 64288 14%
c 2 45.57 335 93 21 57 15406 2 288710 50972 1.6 29 18 7 22 7% 11012 1386709 64288 14%
c s 45.79 335 93 21 57 15406 2 288710 50972 1.6 29 18 7 22 7% 11100 1379904 64288 14%
c e 45.96 335 93 21 57 15406 2 288710 50972 1.6 29 18 7 22 7% 11098 1379982 64283 14%
c ! 45.96 335 93 21 57 15406 2 288710 50972 1.6 29 18 7 22 7% 11098 1379982 64283 14%
c u 46.25 292 93 21 57 15406 2 288974 33000 1.6 29 18 7 22 7% 11097 1379982 64283 14%
c v 46.38 296 93 21 57 15406 2 288974 31877 1.6 29 18 7 22 7% 11097 1379982 64283 14%
c
c seconds    switched     rate          size/glue  tier1    binary            remaining
c         MB   reductions   conflicts         size   tier2       irredundant
c          level    restarts       redundant     glue   trail            variables
c
c w 46.46 296 93 21 57 15406 2 288974 31690 1.6 29 18 7 22 7% 11097 1379982 64283 14%
c t 46.56 296 93 21 57 15406 2 288974 31690 1.6 29 18 7 22 7% 11053 1379982 64283 14%
c f 46.69 248 93 21 57 15406 2 288974 31690 1.6 29 18 7 22 7% 11059 1379921 64286 14%
c u 46.96 294 93 21 57 15406 2 288974 30429 1.6 29 18 7 22 7% 11059 1379921 64286 14%
c v 47.07 295 93 21 57 15406 2 288974 30092 1.6 29 18 7 22 7% 11059 1379921 64286 14%
c w 47.17 296 93 21 57 15406 2 288974 29845 1.6 29 18 7 22 7% 11059 1379921 64286 14%
c f 47.40 248 93 21 57 15406 2 288974 29845 1.6 29 18 7 22 7% 11155 1378031 64334 14%
c - 47.60 286 92 21 58 15408 2 291478 28776 1.6 29 18 7 22 7% 11162 1378016 64334 14%
c - 47.85 292 90 21 59 15412 2 299094 31859 1.6 29 18 7 22 7% 11165 1378003 64334 14%
c - 48.14 295 87 21 60 15413 2 306776 33815 1.6 29 18 7 22 7% 11165 1378001 64334 14%
c B 48.48 297 85 21 60 15416 2 314052 40258 1.7 30 18 7 22 7% 11165 1377992 64334 14%
c o 48.51 297 85 21 60 15416 2 314052 40258 1.7 30 18 7 22 7% 11165 1377992 64334 14%
c - 48.60 300 87 21 61 15416 2 314523 35301 1.7 30 18 7 22 7% 11165 1377989 64334 14%
c ] 48.77 303 88 22 61 15419 2 317606 38192 1.7 30 18 7 22 7% 11165 1377973 64334 14%
c { 48.77 303 144 22 61 15419 16 317606 38192 1.4 13 9 6 11 5% 11165 1377973 64334 14%
c - 49.45 308 139 22 62 16440 16 322333 37189 1.4 13 9 6 12 4% 11177 1377957 64334 14%
c - 50.45 310 132 22 63 18138 16 330208 38932 1.4 14 10 6 12 4% 11213 1377935 64334 14%
c - 51.63 312 126 22 64 19810 16 338146 40966 1.4 15 10 6 12 4% 11240 1377892 64334 14%
c u 52.73 295 123 22 64 20817 16 342855 43399 1.4 15 10 6 12 4% 11256 1377867 64334 14%
c v 52.86 297 123 22 64 20817 16 342855 40434 1.4 15 10 6 12 4% 11256 1377867 64334 14%
c
c seconds     switched      rate          size/glue  tier1    binary            remaining
c         MB    reductions    conflicts         size   tier2       irredundant
c           level    restarts        redundant     glue   trail            variables
c
c w 52.94 297 123 22 64 20817 16 342855 40379 1.4 15 10 6 12 4% 11256 1377867 64334 14%
c x 53.08 307 123 22 64 20817 16 342855 40376 1.4 15 10 6 12 4% 11256 1377867 64334 14%
c - 53.93 312 121 22 65 21493 16 346146 38574 1.4 15 11 6 13 4% 11266 1377850 64334 14%
c } 54.37 313 119 23 65 22128 16 349122 41246 1.4 15 11 6 13 4% 11274 1377835 64334 14%
c [ 54.37 313 88 23 65 22128 2 349122 41246 1.7 30 18 7 22 7% 11274 1377835 64334 14%
c - 54.61 315 86 23 66 22131 2 354208 39769 1.7 30 18 7 22 7% 11274 1377832 64334 14%
c W 54.94 322 84 23 66 22134 2 357763 42983 1.6 30 19 7 22 6% 11274 1377832 64334 14%
c - 55.22 283 82 23 67 22135 2 362334 38526 1.6 31 19 7 22 6% 11274 1377825 64334 14%
c - 55.67 295 85 23 68 22140 2 370519 38017 1.6 31 19 7 23 7% 11274 1377812 64334 14%
c - 56.19 299 92 23 69 22142 2 378765 38381 1.6 31 19 7 23 7% 11281 1377791 64334 14%
c - 56.67 300 93 23 70 22145 2 387071 38971 1.6 32 20 7 23 7% 11281 1377775 64334 14%
c - 57.16 301 95 23 71 22149 2 395439 40244 1.6 33 20 7 23 7% 11284 1377759 64334 14%
c u 57.91 307 96 23 71 22154 2 401707 41157 1.7 34 21 7 23 7% 11289 1377753 64334 14%
c v 58.08 307 96 23 71 22154 2 401707 39711 1.7 34 21 7 23 7% 11289 1377753 64334 14%
c w 58.20 307 96 23 71 22154 2 401707 39683 1.7 34 21 7 23 7% 11289 1377753 64334 14%
c o 59.05 328 96 23 71 22154 2 401707 39683 1.7 34 21 7 23 7% 11289 1377753 64334 14%
c - 59.28 281 99 23 72 22155 2 403865 35500 1.7 34 21 7 23 7% 11289 1377751 64334 14%
c O 59.42 285 99 23 72 22156 2 405924 37470 1.7 35 21 7 23 7% 11289 1377750 64334 14%
c - 59.71 295 99 23 73 22157 2 412351 37255 1.7 35 21 7 23 7% 11289 1377728 64334 14%
c s 60.00 296 98 23 73 22157 2 416842 41323 1.7 35 21 7 23 7% 11289 1377415 64334 14%
c
c seconds    switched     rate          size/glue  tier1    binary            remaining
c         MB   reductions   conflicts         size   tier2       irredundant
c          level    restarts       redundant     glue   trail            variables
c
c ] 60.11 321 98 23 73 22157 2 416842 41323 1.7 35 21 7 23 7% 11289 1377415 64334 14%
c ? 60.11 321 119 23 73 22157 16 416842 41323 1.4 15 11 6 13 4% 11289 1377415 64334 14%
c
c ---- [ result ] ------------------------------------------------------------
c
s UNKNOWN
c
c ---- [ profiling ] ---------------------------------------------------------
c
c          34.14   56.79 %  search
c          24.94   41.49 %  simplify
c          18.12   30.15 %  focused
c          17.72   29.48 %  probe
c          16.02   26.65 %  stable
c           7.18   11.94 %  eliminate
c           6.29   10.46 %  vivify
c           3.13    5.21 %  substitute
c           2.93    4.87 %  congruence
c           2.61    4.34 %  factor
c           1.90    3.16 %  subsume
c           1.90    3.16 %  sweep
c           1.27    2.11 %  reduce
c           0.77    1.28 %  preprocess
c           0.77    1.28 %  walking
c           0.48    0.80 %  transitive
c           0.39    0.65 %  backbone
c           0.18    0.31 %  parse
c           0.07    0.12 %  lucky
c =============================================
c          60.11  100.00 %  total
c
c ---- [ statistics ] --------------------------------------------------------
c
c backbone_computations:                   43             9694    interval
c backbone_ticks:                    26373613 
c chronological:                         3904                1 %  conflicts
c clauses_added:                      5499760              100 %  added
c clauses_binary:                       11289                0 %  added
c clauses_irredundant:                1377415               25 %  added
c clauses_learned:                     389083               93 %  conflicts
c clauses_original:                   1729244               31 %  added
c clauses_redundant:                    41323 
c clauses_used:                       1229040              316 %  learned
c clauses_used_focused:                218955               18 %  used
c clauses_used_stable:                1010085               82 %  used
c closures:                                 9            46316    interval
c conflicts:                           416842             6934.26 per second
c congruent:                            49041               10 %  variables
c congruent_gates:                    2454482           272720.22 per closure
c congruent_gates_ands:                495363               20 %  gates
c congruent_gates_ites:                531747               22 %  gates
c congruent_gates_xors:               1427372               58 %  gates
c congruent_matched:                   136085              277 %  congruent
c congruent_matched_ands:                   0                0 %  matched
c congruent_matched_ites:                   0                0 %  matched
c congruent_matched_xors:              136085              100 %  matched
c decisions:                          3121939                7.49 per conflict
c eliminated:                          360159               76 %  variables
c eliminate_resolutions:             43338811           720950.46 per second
c eliminations:                             7            59549    interval
c factored:                               113                0 %  variables
c factorizations:                          17            24520    interval
c factor_ticks:                     173515188 
c fast_eliminated:                          0                0 %  eliminated
c fast_strengthened:                        0                0 %  per strengthened
c fast_subsumed:                            0                0 %  per subsumed
c forward_checks:                   230427941 
c forward_steps:                    343968389                1.49 per check
c iterations:                               0                0 %  variables
c kitten_propagations:               62658795               28.76 per solved
c kitten_solved:                      2178562 
c kitten_ticks:                     185248114                2.96 per prop
c literals_factor:                    1332337                2.81 per variable
c probings:                                15            27789    interval
c probing_ticks:                    383517365 
c propagations:                     363643538          6049289    per second
c random_sequences:                       159             2622    interval
c reductions:                              73             5710    interval
c reordered:                                9            46316    interval
c rephased:                                18            23158    interval
c restarts:                             22157               19    interval
c retiered:                                20            20842    interval
c searches:                                 1           416842    interval
c search_ticks:                    2340041033 
c strengthened:                         99935                0 %  checks
c substituted:                          49047               10 %  variables
c substitute_ticks:                  68863430 
c subsumed:                             44587                0 %  checks
c subsumption_checks:               230427941 
c sweep:                                    7            59549    interval
c sweep_completed:                          0                0.00 sweeps
c sweep_equivalences:                       2                0 %  variables
c sweep_solved:                        154960                7 %  kitten_solved
c sweep_units:                              0                0 %  variables
c switched:                                23            18124    interval
c transitive_ticks:                  49407642 
c units:                                  522                0 %  variables
c variables_activated:                 474062                1.00 per variable
c variables_eliminate:                1040824                2.20 variables
c variables_extension:                    113                0.00 per variable
c variables_factor:                         0                0.00 per variable
c variables_original:                  473949                1.00 per variable
c variables_subsume:                   803039                1.69 per variable
c vivifications:                           21            19850    interval
c vivified:                             68277               19 %  checks
c vivify_checks:                       366538            17454    per vivify
c vivify_probes:                      2224810                6.07 per check
c vivify_reused:                       543887               24 %  probes
c walks:                                    6            69474    interval
c walk_steps:                        65598694 
c warming_decisions:                     7871             1311.83 per walk
c warming_propagations:               1265554                0 %  propagations
c warmups:                                  6              100 %  walks
c
c ---- [ glue usage ] --------------------------------------------------------
c
c focused glue 6    used 19234 clauses  8.78% accumulated 52.80% tier1
c focused glue 7    used 19955 clauses  9.11% accumulated 61.91%
c focused glue 8-11 used 53329 clauses 24.36% accumulated 86.27%
c focused glue 12   used  6826 clauses  3.12% accumulated 89.39%
c focused glue 13   used  5463 clauses  2.50% accumulated 91.88% tier2
c
c stable glue 7    used  63098 clauses  6.25% accumulated 51.76% tier1
c stable glue 8    used  55932 clauses  5.54% accumulated 57.30%
c stable glue 9-21 used 312189 clauses 30.91% accumulated 88.20%
c stable glue 22   used  10431 clauses  1.03% accumulated 89.24%
c stable glue 23   used   9288 clauses  0.92% accumulated 90.16% tier2
c
c ---- [ resources ] ---------------------------------------------------------
c
c maximum-resident-set-size:        441868288 bytes        421 MB
c process-time:                             1m              60.11 seconds
c
c ---- [ shutting down ] -----------------------------------------------------
c
c exit 0
