c ---- [ banner ] ------------------------------------------------------------
c
c Kissat SAT Solver
c 
c Copyright (c) 2021-2024 Armin Biere University of Freiburg
c Copyright (c) 2019-2021 Armin Biere Johannes Kepler University Linz
c 
c Version 4.0.4 unknown
c gcc (Ubuntu 15.2.0-16ubuntu1) 15.2.0 -W -Wall -O3 -DNDEBUG
c Sat Sep 5 21:05:05 EDT 2026 Linux server7 7.0.0-29-generic x86_64
c
c ---- [ parsing ] -----------------------------------------------------------
c
c opened and reading DIMACS file:
c
c   /home/mjbommar/p4dfa-cnf/string1x8.7._bit8_na6_nr3_paired.cnf
c
c parsed 'p cnf 40548 150293' header
c closing input after reading 2844980 bytes (3 MB)
c finished parsing after 0.02 seconds
c
c ---- [ options ] -----------------------------------------------------------
c
c --statistics=true                (different from default 'false')
c
c ---- [ solving ] -----------------------------------------------------------
c
c seconds switched rate     size/glue tier1  binary           remaining
c        MB reductions conflicts size  tier2     irredundant
c         level restarts redundant glue  trail           variables
c
c *  0.02 15 0 0 0  0 0   0   0 0.0 0 0 0 0 0% 32494 117709 40248 99%
c (  0.02 15 0 0 0  0 0   0   0 0.0 0 0 0 0 0% 32494 117709 40248 99%
c .  0.02 15 0 0 0  0 0   0   0 0.0 0 0 0 0 0% 33208 115543 40248 99%
c c  0.06 23 0 0 0  0 0   0   0 0.0 0 0 0 0 0% 33264 115471 39838 98%
c d  0.06 23 0 0 0  0 0   0   0 0.0 0 0 0 0 0% 32484 115399 39838 98%
c f  0.10 26 0 0 0  0 0   0   0 0.0 0 0 0 0 0% 32352 115399 39844 98%
c )  0.10 26 0 0 0  0 0   0   0 0.0 0 0 0 0 0% 32352 115399 39844 98%
c {  0.10 26 0 0 0  0 0   0   0 0.0 0 0 2 6 0% 32352 115399 39844 98%
c -  0.15 26 230 0 1 235 35 1000 790 1.6 8 5 3 8 15% 32386 115399 39844 98%
c }  0.15 26 230 1 1 235 35 1000 790 1.6 8 5 3 8 15% 32386 115399 39844 98%
c [  0.15 26 0 1 1 235 0 1000 790 0.0 0 0 2 6 0% 32386 115399 39844 98%
c B  0.15 26 110 1 1 235 10 1001 791 1.1 9 8 2 6 21% 32386 115399 39844 98%
c -  0.17 27 183 1 2 235 3 2002 1601 2.1 16 8 3 12 14% 32426 115397 39844 98%
c W  0.18 27 183 1 2 235 3 2002 1601 2.1 16 8 3 12 14% 32426 115397 39844 98%
c c  0.23 25 142 1 2 236 3 2513 2033 2.0 16 8 3 12 12% 32445 115397 39842 98%
c d  0.23 25 142 1 2 236 3 2513 2033 2.0 16 8 3 12 12% 32441 115397 39842 98%
c u  0.24 25 142 1 2 236 3 2513 1790 2.0 16 8 3 12 12% 32441 115397 39842 98%
c v  0.24 26 142 1 2 236 3 2513 1699 2.0 16 8 3 12 12% 32441 115397 39842 98%
c w  0.24 26 142 1 2 236 3 2513 1689 2.0 16 8 3 12 12% 32441 115397 39842 98%
c x  0.25 26 142 1 2 236 3 2513 1689 2.0 16 8 3 12 12% 32455 115358 39842 98%
c
c seconds   switched  rate       size/glue tier1     binary           remaining
c        MB  reductions conflicts      size  tier2       irredundant
c          level restarts   redundant    glue    trail           variables
c
c t  0.25 26 142 1 2 236 3 2513 1689 2.0 16 8 3 12 12% 32449 115358 39842 98%
c u  0.27 26 142 1 2 236 3 2513 1451 2.0 16 8 3 12 12% 32454 115358 39842 98%
c v  0.27 26 142 1 2 236 3 2513 1332 2.0 16 8 3 12 12% 32454 115358 39842 98%
c w  0.27 26 142 1 2 236 3 2513 1326 2.0 16 8 3 12 12% 32454 115358 39842 98%
c x  0.28 26 142 1 2 236 3 2513 1326 2.0 16 8 3 12 12% 32456 115317 39842 98%
c -  0.31 26 101 1 3 237 3 3417 1768 1.7 15 8 5 14 9% 32474 115317 39842 98%
c ]  0.33 26 96 2 3 237 3 4115 2373 1.8 16 9 5 14 10% 32477 115317 39842 98%
c {  0.33 26 230 2 3 237 35 4115 2373 1.6 8 5 3 8 15% 32477 115317 39842 98%
c }  0.36 27 188 3 3 267 23 5116 3273 1.8 8 5 3 8 17% 32533 115317 39842 98%
c [  0.36 27 96 3 3 267 3 5116 3273 1.8 16 9 5 14 10% 32533 115317 39842 98%
c I  0.36 27 96 3 3 267 3 5116 3273 1.8 16 9 5 14 10% 32533 115317 39842 98%
c -  0.36 27 97 3 4 267 3 5152 2892 1.8 16 9 6 14 10% 32535 115317 39842 98%
c ]  0.40 27 112 4 4 268 3 6613 4278 1.9 18 9 6 14 12% 32548 115317 39842 98%
c {  0.40 27 188 4 4 268 23 6613 4278 1.8 8 5 3 8 17% 32548 115317 39842 98%
c -  0.42 27 173 4 5 327 22 7154 4158 1.8 9 5 3 8 18% 32571 115317 39842 98%
c c  0.49 25 166 4 5 443 23 7741 4675 1.8 9 5 3 8 18% 32591 115316 39840 98%
c d  0.49 25 166 4 5 443 23 7741 4675 1.8 9 5 3 8 18% 32587 115316 39840 98%
c u  0.50 26 166 4 5 443 23 7741 4361 1.8 9 5 3 8 18% 32585 115316 39840 98%
c v  0.51 26 166 4 5 443 23 7741 4038 1.8 9 5 3 8 18% 32585 115316 39840 98%
c w  0.51 26 166 4 5 443 23 7741 4025 1.8 9 5 3 8 18% 32585 115316 39840 98%
c
c seconds   switched   rate       size/glue tier1   binary           remaining
c        MB  reductions conflicts      size  tier2      irredundant
c          level restarts    redundant   glue   trail           variables
c
c x  0.51 26 166 4 5 443 23 7741 4025 1.8 9 5 3 8 18% 32592 115251 39840 98%
c d  0.52 26 166 4 5 443 23 7741 4024 1.8 9 5 3 8 18% 32590 115250 39839 98%
c t  0.52 26 166 4 5 443 23 7741 4024 1.8 9 5 3 8 18% 32570 115250 39839 98%
c u  0.54 27 166 4 5 443 23 7741 3494 1.8 9 5 3 8 18% 32584 115250 39839 98%
c v  0.55 27 166 4 5 443 23 7741 3231 1.8 9 5 3 8 18% 32584 115250 39839 98%
c w  0.55 27 166 4 5 443 23 7741 3218 1.8 9 5 3 8 18% 32584 115250 39839 98%
c t  0.56 27 166 4 5 443 23 7741 3218 1.8 9 5 3 8 18% 32583 115250 39839 98%
c }  0.61 27 159 5 5 590 22 8966 4333 1.8 9 5 3 9 18% 32603 115250 39839 98%
c [  0.61 27 112 5 5 590 3 8966 4333 1.9 18 9 6 14 12% 32603 115250 39839 98%
c B  0.61 27 112 5 5 590 3 8966 4333 1.9 18 9 6 14 12% 32603 115250 39839 98%
c -  0.62 27 121 5 6 590 3 9391 4078 1.9 18 10 5 14 12% 32605 115250 39839 98%
c -  0.70 27 106 5 7 592 3 11840 5118 1.8 24 13 7 21 12% 32615 115250 39839 98%
c s  0.72 27 101 5 7 592 3 12564 5788 1.7 24 14 7 21 12% 32617 115226 39839 98%
c e  0.93 42 101 5 7 592 3 12564 5788 1.7 24 14 7 21 12% 4679 101430 13648 34%
c 2  0.93 42 101 5 7 592 3 12564 5788 1.7 24 14 7 21 12% 4677 101430 13648 34%
c s  0.95 42 101 5 7 592 3 12564 5788 1.7 24 14 7 21 12% 4677 101210 13648 34%
c ^  0.95 42 101 5 7 592 3 12564 5788 1.7 24 14 7 21 12% 4677 101210 13648 34%
c o  0.96 43 101 5 7 592 3 12564 660 1.7 24 14 7 21 12% 4677 101210 13648 34%
c ]  0.98 43 107 6 7 593 3 13886 1805 1.6 26 16 7 21 13% 4682 101207 13648 34%
c {  0.98 43 159 6 7 593 22 13886 1805 1.8 9 5 3 9 18% 4682 101207 13648 34%
c
c seconds   switched   rate        size/glue tier1     binary          remaining
c        MB  reductions  conflicts       size  tier2      irredundant
c          level restarts     redundant    glue    trail          variables
c
c -  1.01 37 145 6 8 846 22 14485 1944 1.6 10 6 3 10 16% 4683 101207 13648 34%
c u  1.06 37 125 6 8 1296 22 15858 3085 1.5 11 7 3 10 14% 4691 101207 13648 34%
c v  1.07 37 125 6 8 1296 22 15858 2448 1.5 11 7 3 10 14% 4691 101207 13648 34%
c w  1.08 37 125 6 8 1296 22 15858 2342 1.5 11 7 3 10 14% 4691 101207 13648 34%
c x  1.09 37 125 6 8 1296 22 15858 2342 1.5 11 7 3 10 14% 4691 100496 13648 34%
c =  1.13 37 125 6 8 1296 22 15858 2342 1.5 11 7 3 10 14% 4831 100492 13578 33%
c d  1.13 37 125 6 8 1296 22 15858 2342 1.5 11 7 3 10 14% 4684 100492 13578 33%
c t  1.14 37 125 6 8 1296 22 15858 2342 1.5 11 7 3 10 14% 4679 100492 13578 33%
c f  1.15 32 125 6 8 1296 22 15858 2342 1.5 11 7 3 10 14% 4655 100336 13596 34%
c c  1.17 31 125 6 8 1296 22 15858 2332 1.5 11 7 3 10 14% 7382 94835 12221 30%
c d  1.17 31 125 6 8 1296 22 15858 2332 1.5 11 7 3 10 14% 4632 94835 12221 30%
c u  1.18 31 125 6 8 1296 22 15858 2318 1.5 11 7 3 10 14% 4633 94835 12221 30%
c v  1.18 31 125 6 8 1296 22 15858 2247 1.5 11 7 3 10 14% 4633 94835 12221 30%
c w  1.19 31 125 6 8 1296 22 15858 2076 1.5 11 7 3 10 14% 4633 94835 12221 30%
c x  1.20 31 125 6 8 1296 22 15858 2076 1.5 11 7 3 10 14% 4633 94694 12221 30%
c -  1.27 31 112 6 9 1715 22 17314 3262 1.5 12 8 6 12 13% 4638 94694 12221 30%
c }  1.29 31 108 7 9 1902 22 17955 3877 1.5 12 8 6 12 12% 4639 94694 12221 30%
c [  1.29 31 107 7 9 1902 3 17955 3877 1.6 26 16 7 21 13% 4639 94694 12221 30%
c W  1.30 31 107 7 9 1902 3 17955 3877 1.6 26 16 7 21 13% 4639 94694 12221 30%
c -  1.33 31 99 7 10 1904 2 20316 5282 1.6 25 16 9 25 12% 4647 94694 12221 30%
c
c seconds  switched    rate        size/glue  tier1      binary         remaining
c        MB  reductions  conflicts       size    tier2      irredundant
c         level   restarts    redundant     glue     trail         variables
c
c -  1.38 31 90 7 11 1905 2 23478 6389 1.5 27 17 10 27 12% 4651 94694 12221 30%
c s  1.41 31 87 7 11 1907 2 25066 7801 1.5 27 18 10 27 11% 4653 94317 12221 30%
c e  1.47 31 87 7 11 1907 2 25066 7801 1.5 27 18 10 27 11% 4238 95223 11475 28%
c s  1.48 31 87 7 11 1907 2 25066 7801 1.5 27 18 10 27 11% 4238 94688 11475 28%
c ^  1.49 31 87 7 11 1907 2 25066 7801 1.5 27 18 10 27 11% 4238 94688 11475 28%
c o  1.49 31 87 7 11 1907 2 25066 7583 1.5 27 18 10 27 11% 4238 94688 11475 28%
c O  1.49 31 89 7 11 1907 2 25483 7922 1.5 27 18 10 27 12% 4238 94688 11475 28%
c -  1.51 31 88 7 12 1908 2 26794 6727 1.5 27 18 9 27 12% 4242 94688 11475 28%
c u  1.52 31 89 7 12 1908 2 26984 6697 1.5 27 18 9 27 12% 4245 94688 11475 28%
c v  1.53 31 89 7 12 1908 2 26984 6394 1.5 27 18 9 27 12% 4245 94688 11475 28%
c w  1.53 31 89 7 12 1908 2 26984 6381 1.5 27 18 9 27 12% 4245 94688 11475 28%
c x  1.54 31 89 7 12 1908 2 26984 6380 1.5 27 18 9 27 12% 4245 94355 11475 28%
c =  1.57 31 89 7 12 1908 2 26984 6380 1.5 27 18 9 27 12% 4345 94352 11425 28%
c d  1.57 31 89 7 12 1908 2 26984 6380 1.5 27 18 9 27 12% 4242 94352 11425 28%
c t  1.57 31 89 7 12 1908 2 26984 6380 1.5 27 18 9 27 12% 4240 94352 11425 28%
c f  1.58 31 89 7 12 1908 2 26984 6380 1.5 27 18 9 27 12% 4242 94346 11426 28%
c u  1.60 31 89 7 12 1908 2 26984 6243 1.5 27 18 9 27 12% 4243 94346 11426 28%
c v  1.61 31 89 7 12 1908 2 26984 6149 1.5 27 18 9 27 12% 4243 94346 11426 28%
c w  1.61 31 89 7 12 1908 2 26984 6083 1.5 27 18 9 27 12% 4243 94346 11426 28%
c x  1.61 31 89 7 12 1908 2 26984 6083 1.5 27 18 9 27 12% 4243 94325 11426 28%
c
c seconds  switched    rate        size/glue  tier1     binary         remaining
c        MB  reductions  conflicts       size   tier2      irredundant
c         level   restarts    redundant     glue    trail         variables
c
c =  1.64 31 89 7 12 1908 2 26984 6083 1.5 27 18 9 27 12% 4357 94325 11369 28%
c d  1.65 31 89 7 12 1908 2 26984 6083 1.5 27 18 9 27 12% 4241 94325 11369 28%
c -  1.70 31 91 7 13 1908 2 30260 7154 1.6 28 18 9 27 15% 4247 94324 11369 28%
c ]  1.72 31 92 8 13 1909 2 31423 8165 1.6 29 18 9 27 15% 4250 94324 11369 28%
c {  1.72 31 108 8 13 1909 22 31423 8165 1.5 12 8 6 12 12% 4250 94324 11369 28%
c -  1.76 31 100 8 14 2205 20 33865 8714 1.5 13 9 7 13 11% 4272 94324 11369 28%
c }  1.81 31 98 9 14 2627 16 37583 11072 1.4 13 9 7 13 11% 4304 94324 11369 28%
c [  1.81 31 92 9 14 2627 2 37583 11072 1.6 29 18 9 27 15% 4304 94324 11369 28%
c B  1.81 31 92 9 14 2627 2 37583 11072 1.6 29 18 9 27 15% 4304 94324 11369 28%
c -  1.81 31 92 9 15 2627 2 37606 9572 1.6 29 18 9 27 15% 4304 94324 11369 28%
c u  1.88 32 98 9 15 2629 2 41311 12763 1.6 30 19 9 27 17% 4308 94324 11369 28%
c v  1.88 32 98 9 15 2629 2 41311 12552 1.6 30 19 9 27 17% 4308 94324 11369 28%
c w  1.89 32 98 9 15 2629 2 41311 12551 1.6 30 19 9 27 17% 4308 94324 11369 28%
c x  1.90 32 98 9 15 2629 2 41311 12551 1.6 30 19 9 27 17% 4308 94317 11369 28%
c =  1.93 32 98 9 15 2629 2 41311 12551 1.6 30 19 9 27 17% 4424 94317 11311 28%
c d  1.93 32 98 9 15 2629 2 41311 12551 1.6 30 19 9 27 17% 4306 94317 11311 28%
c t  1.94 32 98 9 15 2629 2 41311 12551 1.6 30 19 9 27 17% 4304 94317 11311 28%
c u  1.95 32 98 9 15 2629 2 41311 12101 1.6 30 19 9 27 17% 4305 94317 11311 28%
c v  1.96 32 98 9 15 2629 2 41311 11878 1.6 30 19 9 27 17% 4305 94317 11311 28%
c w  1.97 32 98 9 15 2629 2 41311 11873 1.6 30 19 9 27 17% 4305 94317 11311 28%
c
c seconds  switched    rate         size/glue  tier1     binary         remaining
c        MB  reductions  conflicts        size   tier2      irredundant
c         level   restarts     redundant     glue    trail         variables
c
c =  2.00 32 98 9 15 2629 2 41311 11873 1.6 30 19 9 27 17% 4427 94317 11250 28%
c d  2.00 32 98 9 15 2629 2 41311 11873 1.6 30 19 9 27 17% 4305 94317 11250 28%
c t  2.00 32 98 9 15 2629 2 41311 11873 1.6 30 19 9 27 17% 4304 94317 11250 28%
c -  2.01 32 98 9 16 2629 2 41479 9742 1.6 30 19 8 28 17% 4304 94317 11250 28%
c -  2.05 32 94 9 17 2632 2 45479 11391 1.6 28 18 8 26 16% 4311 94317 11250 28%
c ]  2.06 32 93 10 17 2632 2 46331 12191 1.6 28 18 8 26 16% 4312 94317 11250 28%
c {  2.06 32 98 10 17 2632 16 46331 12191 1.4 13 9 7 13 11% 4312 94317 11250 28%
c o  2.06 32 99 10 17 2637 16 46372 12226 1.4 13 9 7 13 11% 4314 94317 11250 28%
c -  2.11 32 93 10 18 2870 15 49603 13288 1.4 13 9 7 13 10% 4339 94317 11250 28%
c s  2.17 32 90 10 18 3099 14 52167 15445 1.4 13 9 7 13 10% 4351 93982 11250 28%
c e  2.23 32 90 10 18 3099 14 52167 15445 1.4 13 9 7 13 10% 2737 97613 10125 25%
c s  2.24 32 90 10 18 3099 14 52167 15445 1.4 13 9 7 13 10% 2740 96799 10125 25%
c e  2.25 32 90 10 18 3099 14 52167 15445 1.4 13 9 7 13 10% 2739 96801 10124 25%
c ^  2.25 32 90 10 18 3099 14 52167 15445 1.4 13 9 7 13 10% 2739 96801 10124 25%
c -  2.28 32 88 10 19 3277 14 53845 13272 1.4 13 9 7 13 10% 2752 96801 10124 25%
c }  2.30 32 87 11 19 3421 14 54958 14194 1.4 13 9 7 13 10% 2758 96800 10124 25%
c [  2.30 32 93 11 19 3421 2 54958 14194 1.6 28 18 8 26 16% 2758 96800 10124 25%
c W  2.31 32 93 11 19 3421 2 54958 14194 1.6 28 18 8 26 16% 2758 96800 10124 25%
c -  2.36 32 92 11 20 3423 2 58205 14835 1.6 29 18 8 26 16% 2761 96800 10124 25%
c c  2.39 32 92 11 20 3423 2 58938 15528 1.6 29 19 8 26 16% 2783 96756 10113 25%
c
c seconds   switched    rate         size/glue  tier1     binary         remaining
c        MB   reductions  conflicts        size   tier2      irredundant
c         level    restarts     redundant     glue    trail         variables
c
c d  2.39 32 92 11 20 3423 2 58938 15528 1.6 29 19 8 26 16% 2761 96756 10113 25%
c u  2.40 32 92 11 20 3423 2 58938 15135 1.6 29 19 8 26 16% 2761 96756 10113 25%
c v  2.41 32 92 11 20 3423 2 58938 14866 1.6 29 19 8 26 16% 2761 96756 10113 25%
c w  2.41 32 92 11 20 3423 2 58938 14863 1.6 29 19 8 26 16% 2761 96756 10113 25%
c x  2.42 32 92 11 20 3423 2 58938 14859 1.6 29 19 8 26 16% 2761 96756 10113 25%
c =  2.46 32 92 11 20 3423 2 58938 14859 1.6 29 19 8 26 16% 2763 96754 10112 25%
c d  2.46 32 92 11 20 3423 2 58938 14859 1.6 29 19 8 26 16% 2761 96754 10112 25%
c f  2.47 32 92 11 20 3423 2 58938 14859 1.6 29 19 8 26 16% 2763 96747 10113 25%
c u  2.49 32 92 11 20 3423 2 58938 14333 1.6 29 19 8 26 16% 2763 96747 10113 25%
c v  2.50 32 92 11 20 3423 2 58938 13885 1.6 29 19 8 26 16% 2763 96747 10113 25%
c w  2.50 32 92 11 20 3423 2 58938 13874 1.6 29 19 8 26 16% 2763 96747 10113 25%
c -  2.61 32 88 11 21 3426 2 62678 14694 1.6 31 19 8 27 15% 2763 96747 10113 25%
c ]  2.64 32 87 12 21 3427 2 63883 15835 1.6 31 20 8 27 15% 2764 96747 10113 25%
c {  2.64 32 87 12 21 3427 14 63883 15835 1.4 13 9 7 13 10% 2764 96747 10113 25%
c -  2.70 32 87 12 22 3736 13 67261 16338 1.4 13 9 7 13 10% 2781 96746 10113 25%
c -  2.77 32 86 12 23 4123 13 71951 18143 1.4 14 9 7 13 10% 2816 96743 10113 25%
c }  2.82 32 86 13 23 4413 12 75362 21006 1.4 14 10 7 13 9% 2830 96741 10113 25%
c [  2.82 32 87 13 23 4413 2 75362 21006 1.6 31 20 8 27 15% 2830 96741 10113 25%
c I  2.82 32 87 13 23 4413 2 75362 21006 1.6 31 20 8 27 15% 2830 96741 10113 25%
c -  2.85 32 87 13 24 4414 2 76746 19780 1.6 31 20 8 27 16% 2835 96741 10113 25%
c
c seconds   switched    rate         size/glue  tier1     binary         remaining
c        MB   reductions  conflicts        size   tier2      irredundant
c         level    restarts     redundant     glue    trail         variables
c
c u  2.95 32 84 13 24 4416 2 79991 22172 1.6 32 20 8 27 15% 2839 96741 10113 25%
c v  2.96 32 84 13 24 4416 2 79991 21742 1.6 32 20 8 27 15% 2839 96741 10113 25%
c w  2.97 32 84 13 24 4416 2 79991 21720 1.6 32 20 8 27 15% 2839 96741 10113 25%
c o  2.98 32 84 13 24 4416 2 79991 21720 1.6 32 20 8 27 15% 2839 96741 10113 25%
c -  3.02 33 85 13 25 4418 2 81645 20008 1.6 32 20 8 27 15% 2840 96741 10113 25%
c ]  3.08 33 80 14 25 4419 2 85521 23440 1.6 32 20 8 27 15% 2844 96739 10113 25%
c {  3.08 33 86 14 25 4419 12 85521 23440 1.4 14 10 7 13 9% 2844 96739 10113 25%
c -  3.11 33 85 14 26 4601 12 86646 21332 1.4 14 10 7 13 9% 2848 96739 10113 25%
c -  3.20 33 84 14 27 5012 12 91745 21541 1.4 14 10 6 13 10% 2873 96738 10113 25%
c s  3.30 33 87 14 27 5342 12 95817 24913 1.4 14 10 6 13 10% 2895 96423 10113 25%
c e  3.36 33 87 14 27 5342 12 95817 24913 1.4 14 10 6 13 10% 2447 98168 9599 24%
c s  3.39 33 87 14 27 5342 12 95817 24913 1.4 14 10 6 13 10% 2456 97751 9599 24%
c e  3.41 33 87 14 27 5342 12 95817 24913 1.4 14 10 6 13 10% 2455 97787 9588 24%
c ^  3.41 33 87 14 27 5342 12 95817 24913 1.4 14 10 6 13 10% 2455 97787 9588 24%
c -  3.42 33 86 14 28 5388 12 96941 19021 1.4 14 10 6 13 10% 2455 97787 9588 24%
c }  3.49 33 86 15 28 5677 11 100236 21914 1.4 14 10 6 13 10% 2456 97786 9588 24%
c [  3.49 33 80 15 28 5677 2 100236 21914 1.6 32 20 8 27 15% 2456 97786 9588 24%
c B  3.49 33 80 15 28 5677 2 100236 21914 1.6 32 20 8 27 15% 2456 97786 9588 24%
c -  3.51 33 78 15 29 5678 2 102232 21064 1.6 31 20 8 27 14% 2456 97786 9588 24%
c u  3.54 33 76 15 29 5680 2 104593 21171 1.6 31 20 8 27 14% 2457 97786 9588 24%
c
c seconds   switched    rate          size/glue  tier1     binary        remaining
c        MB   reductions  conflicts         size   tier2      irredundant
c         level    restarts      redundant     glue    trail        variables
c
c v  3.55 33 76 15 29 5680 2 104593 20713 1.6 31 20 8 27 14% 2457 97786 9588 24%
c w  3.56 33 76 15 29 5680 2 104593 20698 1.6 31 20 8 27 14% 2457 97786 9588 24%
c x  3.57 33 76 15 29 5680 2 104593 20690 1.6 31 20 8 27 14% 2457 97590 9588 24%
c =  3.63 33 76 15 29 5680 2 104593 20690 1.6 31 20 8 27 14% 2459 97590 9587 24%
c d  3.63 33 76 15 29 5680 2 104593 20690 1.6 31 20 8 27 14% 2456 97590 9587 24%
c u  3.67 33 76 15 29 5680 2 104593 20113 1.6 31 20 8 27 14% 2456 97590 9587 24%
c v  3.68 33 76 15 29 5680 2 104593 19679 1.6 31 20 8 27 14% 2456 97590 9587 24%
c w  3.69 33 76 15 29 5680 2 104593 19655 1.6 31 20 8 27 14% 2456 97590 9587 24%
c =  3.75 33 76 15 29 5680 2 104593 19655 1.6 31 20 8 27 14% 2458 97590 9586 24%
c d  3.75 33 76 15 29 5680 2 104593 19655 1.6 31 20 8 27 14% 2455 97590 9586 24%
c -  3.80 33 78 15 30 5682 2 107621 19750 1.6 31 19 8 26 14% 2459 97587 9586 24%
c -  3.88 33 76 15 31 5683 2 113099 20865 1.6 31 20 8 26 14% 2459 97587 9586 24%
c -  3.99 33 73 15 32 5687 2 118667 21305 1.6 32 20 8 26 14% 2459 97587 9586 24%
c ]  4.04 33 72 16 32 5689 2 120587 23131 1.6 32 20 8 26 14% 2459 97587 9586 24%
c {  4.04 33 86 16 32 5689 11 120587 23131 1.4 14 10 6 13 10% 2459 97587 9586 24%
c o  4.04 33 86 16 32 5698 11 120624 23163 1.4 14 10 6 13 10% 2459 97587 9586 24%
c -  4.11 33 84 16 33 6054 11 124323 22035 1.4 14 10 6 12 10% 2460 97586 9586 24%
c -  4.22 33 84 16 34 6584 11 130068 24160 1.4 14 10 6 12 10% 2463 97585 9586 24%
c c  4.28 33 84 16 34 6765 11 132820 26463 1.4 14 10 6 12 10% 2463 97583 9585 24%
c d  4.28 33 84 16 34 6765 11 132820 26463 1.4 14 10 6 12 10% 2461 97583 9585 24%
c
c seconds   switched     rate          size/glue  tier1     binary        remaining
c        MB   reductions   conflicts         size   tier2      irredundant
c         level    restarts       redundant     glue    trail        variables
c
c u  4.30 33 84 16 34 6765 11 132820 25912 1.4 14 10 6 12 10% 2461 97583 9585 24%
c v  4.31 33 84 16 34 6765 11 132820 25204 1.4 14 10 6 12 10% 2461 97583 9585 24%
c w  4.32 33 84 16 34 6765 11 132820 25194 1.4 14 10 6 12 10% 2461 97583 9585 24%
c x  4.33 33 84 16 34 6765 11 132820 25170 1.4 14 10 6 12 10% 2461 97469 9585 24%
c u  4.43 33 84 16 34 6765 11 132820 24066 1.4 14 10 6 12 10% 2461 97469 9585 24%
c v  4.44 33 84 16 34 6765 11 132820 23550 1.4 14 10 6 12 10% 2461 97469 9585 24%
c w  4.45 33 84 16 34 6765 11 132820 23527 1.4 14 10 6 12 10% 2461 97469 9585 24%
c x  4.46 33 84 16 34 6765 11 132820 23500 1.4 14 10 6 12 10% 2461 97416 9585 24%
c -  4.53 33 84 16 35 6999 11 135900 23254 1.4 14 10 6 12 10% 2461 97416 9585 24%
c }  4.58 33 84 17 35 7238 11 138925 25692 1.4 14 10 6 12 10% 2463 97414 9585 24%
c [  4.58 33 72 17 35 7238 2 138925 25692 1.6 32 20 8 26 14% 2463 97414 9585 24%
c W  4.58 33 72 17 35 7238 2 138925 25692 1.6 32 20 8 26 14% 2463 97414 9585 24%
c -  4.63 33 71 17 36 7240 2 141816 24882 1.6 32 20 8 26 13% 2464 97414 9585 24%
c -  4.72 33 69 17 37 7244 2 147817 26122 1.6 32 20 8 26 13% 2464 97414 9585 24%
c -  4.85 33 67 17 38 7246 2 153899 26672 1.6 32 20 8 26 13% 2464 97414 9585 24%
c s  4.96 33 65 17 38 7249 2 157842 30299 1.6 33 20 8 26 13% 2466 96911 9585 24%
c e  5.02 34 65 17 38 7249 2 157842 30299 1.6 33 20 8 26 13% 2478 99418 9149 23%
c 2  5.02 34 65 17 38 7249 2 157842 30299 1.6 33 20 8 26 13% 2474 99418 9149 23%
c s  5.05 34 65 17 38 7249 2 157842 30299 1.6 33 20 8 26 13% 2482 98179 9149 23%
c ^  5.07 34 65 17 38 7249 2 157842 30299 1.6 33 20 8 26 13% 2482 98179 9149 23%
c
c seconds   switched    rate          size/glue  tier1     binary        remaining
c        MB   reductions  conflicts         size   tier2      irredundant
c         level    restarts      redundant     glue    trail        variables
c
c ]  5.10 34 65 18 38 7250 2 158787 27958 1.6 33 21 8 26 13% 2482 98179 9149 23%
c {  5.10 34 84 18 38 7250 11 158787 27958 1.4 14 10 6 12 10% 2482 98179 9149 23%
c -  5.12 34 84 18 39 7298 11 160063 24537 1.4 14 10 6 12 10% 2487 98178 9149 23%
c u  5.21 34 82 18 39 7540 10 164771 26870 1.5 14 10 6 12 10% 2498 98173 9149 23%
c v  5.23 34 82 18 39 7540 10 164771 26375 1.5 14 10 6 12 10% 2498 98173 9149 23%
c w  5.24 34 82 18 39 7540 10 164771 26359 1.5 14 10 6 12 10% 2498 98173 9149 23%
c x  5.25 34 82 18 39 7540 10 164771 26347 1.5 14 10 6 12 10% 2498 98024 9149 23%
c t  5.33 34 82 18 39 7540 10 164771 26347 1.5 14 10 6 12 10% 2496 98024 9149 23%
c -  5.38 34 82 18 40 7688 10 166307 24903 1.5 14 10 6 12 10% 2496 98024 9149 23%
c o  5.44 34 79 18 40 7985 10 170631 28226 1.5 14 10 6 12 10% 2502 98022 9149 23%
c -  5.48 34 78 18 41 8038 10 172632 26632 1.5 14 10 6 12 10% 2503 98020 9149 23%
c -  5.58 34 76 18 42 8305 9 179035 28589 1.5 14 10 6 12 10% 2513 98020 9149 23%
c }  5.61 34 75 19 42 8342 9 181133 30152 1.5 14 10 6 12 10% 2513 98019 9149 23%
c [  5.61 34 65 19 42 8342 2 181133 30152 1.6 33 21 8 26 13% 2513 98019 9149 23%
c O  5.61 34 65 19 42 8342 2 181133 30152 1.6 33 21 8 26 13% 2513 98019 9149 23%
c -  5.66 34 64 19 43 8344 2 185517 30343 1.6 33 20 8 26 13% 2513 98019 9149 23%
c -  5.75 34 62 19 44 8348 2 192074 30694 1.6 33 21 8 25 12% 2513 98018 9149 23%
c -  5.84 34 60 19 45 8352 2 198708 31046 1.6 33 21 8 25 12% 2514 98017 9149 23%
c u  5.88 34 60 19 45 8353 2 200547 32098 1.6 32 20 8 25 11% 2514 98017 9149 23%
c v  5.89 34 60 19 45 8353 2 200547 31635 1.6 32 20 8 25 11% 2514 98017 9149 23%
c
c seconds   switched    rate          size/glue  tier1     binary        remaining
c        MB   reductions  conflicts         size   tier2      irredundant
c         level    restarts      redundant     glue    trail        variables
c
c w  5.91 43 60 19 45 8353 2 200547 31591 1.6 32 20 8 25 11% 2514 98017 9149 23%
c x  5.92 43 60 19 45 8353 2 200547 31576 1.6 32 20 8 25 11% 2514 97700 9149 23%
c -  6.01 38 59 19 46 8355 2 205416 31221 1.6 33 21 7 25 11% 2514 97700 9149 23%
c B  6.07 38 59 19 46 8356 2 208875 34425 1.6 33 21 7 25 11% 2514 97700 9149 23%
c ]  6.11 40 59 20 46 8356 2 210490 35950 1.6 33 21 7 25 12% 2515 97700 9149 23%
c {  6.11 40 75 20 46 8356 9 210490 35950 1.5 14 10 6 12 10% 2515 97700 9149 23%
c -  6.15 41 75 20 47 8541 9 212198 32439 1.5 14 10 6 12 10% 2515 97699 9149 23%
c -  6.28 42 73 20 48 9345 9 219053 34065 1.5 14 10 6 12 9% 2515 97696 9149 23%
c -  6.40 42 72 20 49 10083 9 225981 35385 1.5 14 10 6 12 9% 2517 97692 9149 23%
c o  6.49 41 71 20 49 10488 9 230669 39238 1.5 15 10 6 12 9% 2520 97690 9149 23%
c -  6.54 42 71 20 50 10702 9 232983 36991 1.5 15 10 6 12 9% 2520 97689 9149 23%
c }  6.61 41 70 21 50 11046 9 237229 40334 1.5 15 10 6 12 9% 2523 97684 9149 23%
c [  6.61 41 59 21 50 11046 2 237229 40334 1.6 33 21 7 25 12% 2523 97684 9149 23%
c s  6.66 41 59 21 50 11048 2 239943 42717 1.6 33 21 7 25 12% 2527 96925 9149 23%
c e  6.78 46 59 21 50 11048 2 239943 42717 1.6 33 21 7 25 12% 2033 119879 7055 17%
c 2  6.78 46 59 21 50 11048 2 239943 42717 1.6 33 21 7 25 12% 2032 119879 7055 17%
c s  6.82 46 59 21 50 11048 2 239943 42717 1.6 33 21 7 25 12% 2035 118216 7055 17%
c e  6.86 46 59 21 50 11048 2 239943 42717 1.6 33 21 7 25 12% 2035 118244 7053 17%
c !  6.86 46 59 21 50 11048 2 239943 42717 1.6 33 21 7 25 12% 2035 118244 7053 17%
c -  6.87 41 59 21 51 11048 2 240054 20990 1.6 33 21 7 25 12% 2035 118244 7053 17%
c
c seconds   switched     rate          size/glue  tier1     binary         remaining
c        MB   reductions   conflicts         size   tier2      irredundant
c         level    restarts       redundant     glue    trail         variables
c
c u  6.90 36 59 21 51 11048 2 240198 20676 1.6 33 21 7 25 12% 2035 118244 7053 17%
c v  6.92 36 59 21 51 11048 2 240198 19915 1.6 33 21 7 25 12% 2035 118244 7053 17%
c w  6.92 36 59 21 51 11048 2 240198 19875 1.6 33 21 7 25 12% 2035 118244 7053 17%
c x  6.95 45 59 21 51 11048 2 240198 19872 1.6 33 21 7 25 12% 2035 115934 7053 17%
c W  6.99 36 60 21 51 11048 2 240325 19992 1.6 33 21 7 25 12% 2035 115934 7053 17%
c -  7.13 44 60 21 52 11052 2 247195 22620 1.6 34 21 7 25 12% 2035 115934 7053 17%
c -  7.26 45 60 21 53 11056 2 254406 25601 1.6 34 21 7 25 12% 2035 115934 7053 17%
c -  7.40 43 62 21 54 11059 2 261686 27508 1.6 34 22 7 25 13% 2035 115934 7053 17%
c ]  7.48 43 61 22 54 11060 2 265991 31582 1.6 34 21 7 25 13% 2035 115934 7053 17%
c {  7.48 43 70 22 54 11060 9 265991 31582 1.5 15 10 6 12 9% 2035 115934 7053 17%
c -  7.58 45 69 22 55 11699 9 269034 29309 1.5 15 10 6 12 9% 2043 115933 7053 17%
c -  7.88 42 69 22 56 12981 9 276450 31961 1.4 15 10 6 12 9% 2080 115933 7053 17%
c u  8.23 45 67 22 56 14303 9 283865 37604 1.4 16 11 6 12 9% 2109 115933 7053 17%
c v  8.26 45 67 22 56 14303 9 283865 36333 1.4 16 11 6 12 9% 2109 115933 7053 17%
c w  8.28 46 67 22 56 14303 9 283865 36320 1.4 16 11 6 12 9% 2109 115933 7053 17%
c x  8.30 47 67 22 56 14303 9 283865 36297 1.4 16 11 6 12 9% 2109 114814 7053 17%
c t  8.48 47 67 22 56 14303 9 283865 36297 1.4 16 11 6 12 9% 2108 114814 7053 17%
c -  8.50 42 67 22 57 14317 9 283933 31992 1.4 16 11 6 13 9% 2108 114814 7053 17%
c -  8.84 44 67 22 58 15558 9 291483 34541 1.5 16 11 6 13 10% 2137 114812 7053 17%
c }  9.13 44 67 23 58 16541 9 297507 40043 1.5 16 11 6 13 10% 2154 114812 7053 17%
c
c seconds   switched     rate          size/glue  tier1     binary         remaining
c        MB   reductions   conflicts         size   tier2      irredundant
c         level    restarts       redundant     glue    trail         variables
c
c [  9.13 44 61 23 58 16541 2 297507 40043 1.6 34 21 7 25 13% 2154 114812 7053 17%
c I  9.13 44 61 23 58 16541 2 297507 40043 1.6 34 21 7 25 13% 2154 114812 7053 17%
c -  9.17 44 62 23 59 16542 2 299098 36616 1.6 34 21 7 25 13% 2154 114812 7053 17%
c -  9.31 45 61 23 60 16547 2 306780 36081 1.6 35 22 7 26 13% 2154 114812 7053 17%
c -  9.48 45 60 23 61 16551 2 314526 32270 1.5 35 23 8 27 13% 2154 114812 7053 17%
c -  9.63 45 58 23 62 16554 2 322336 30856 1.5 36 24 8 28 12% 2154 114812 7053 17%
c -  9.81 41 57 23 63 16555 2 330211 31124 1.5 36 24 8 29 12% 2154 114812 7053 17%
c u  9.88 44 57 23 63 16556 2 331556 30734 1.5 37 25 8 29 12% 2154 114812 7053 17%
c v  9.90 44 57 23 63 16556 2 331556 29848 1.5 37 25 8 29 12% 2154 114812 7053 17%
c w  9.92 45 57 23 63 16556 2 331556 29754 1.5 37 25 8 29 12% 2154 114812 7053 17%
c x  9.95 45 57 23 63 16556 2 331556 29743 1.5 37 25 8 29 12% 2154 113544 7053 17%
c o  9.97 45 57 23 63 16556 2 331556 29743 1.5 37 25 8 29 12% 2154 113544 7053 17%
c B 10.10 43 58 23 63 16560 2 336948 34821 1.5 37 25 8 29 12% 2154 113544 7053 17%
c - 10.14 44 59 23 64 16561 2 338148 30960 1.5 37 25 8 29 13% 2154 113544 7053 17%
c s 10.28 44 59 23 64 16562 2 343788 36030 1.5 37 25 8 29 13% 2154 113316 7053 17%
c e 10.33 45 59 23 64 16562 2 343788 36030 1.5 37 25 8 29 13% 2146 113428 7046 17%
c s 10.34 45 59 23 64 16562 2 343788 36030 1.5 37 25 8 29 13% 2147 113366 7046 17%
c - 10.41 45 58 23 65 16564 2 346148 33403 1.5 37 25 8 29 12% 2147 113366 7046 17%
c - 10.64 42 58 23 66 16569 2 354210 34420 1.5 38 25 8 29 13% 2152 113366 7046 17%
c - 10.89 43 59 23 67 16570 2 362335 35332 1.6 39 25 8 29 14% 2152 113366 7046 17%
c
c seconds   switched     rate          size/glue  tier1     binary         remaining
c        MB   reductions   conflicts         size   tier2      irredundant
c         level    restarts       redundant     glue    trail         variables
c
c ] 11.02 43 60 24 67 16571 2 368005 40685 1.6 40 25 8 29 15% 2153 113366 7046 17%
c { 11.02 43 67 24 67 16571 9 368005 40685 1.5 16 11 6 13 10% 2153 113366 7046 17%
c - 11.07 45 66 24 68 16712 9 370521 36761 1.5 16 11 6 13 10% 2156 113365 7046 17%
c - 11.21 45 67 24 69 16978 8 378768 38879 1.5 16 11 6 13 10% 2160 113365 7046 17%
c u 11.33 46 67 24 69 17152 8 383346 40171 1.5 16 11 6 13 10% 2160 113365 7046 17%
c v 11.35 46 67 24 69 17152 8 383346 39126 1.5 16 11 6 13 10% 2160 113365 7046 17%
c w 11.37 46 67 24 69 17152 8 383346 39108 1.5 16 11 6 13 10% 2160 113365 7046 17%
c x 11.39 47 67 24 69 17152 8 383346 39098 1.5 16 11 6 13 10% 2160 112366 7046 17%
c - 11.49 45 68 24 70 17352 8 387076 37522 1.5 17 11 6 13 10% 2160 112366 7046 17%
c - 11.64 45 68 24 71 17742 8 395443 39168 1.5 17 11 6 13 10% 2161 112366 7046 17%
c - 11.80 44 67 24 72 18139 8 403871 41055 1.5 17 11 6 13 10% 2161 112366 7046 17%
c } 11.81 45 67 25 72 18178 8 404683 41750 1.5 17 11 6 13 10% 2161 112366 7046 17%
c [ 11.81 45 60 25 72 18178 2 404683 41750 1.6 40 25 8 29 15% 2161 112366 7046 17%
c W 11.83 36 60 25 72 18178 2 404683 41750 1.6 40 25 8 29 15% 2161 112366 7046 17%
c - 11.99 45 61 25 73 18183 2 412357 41924 1.6 40 25 8 29 15% 2164 112366 7046 17%
c o 12.13 45 62 25 73 18185 2 417266 46658 1.6 40 25 8 29 16% 2165 112366 7046 17%
c - 12.24 46 64 25 74 18187 2 420901 41766 1.6 41 25 8 29 17% 2165 112366 7046 17%
c - 12.42 46 66 25 75 18191 2 429503 42584 1.6 41 26 7 29 16% 2169 112366 7046 17%
c ] 12.50 46 67 25 75 18192 2 432792 45717 1.6 41 26 7 29 17% 2169 112366 7046 17%
c 1 12.50 46 67 25 75 18192 8 432792 45717 1.5 17 11 6 13 10% 2169 112366 7046 17%
c
c ---- [ result ] ------------------------------------------------------------
c
s SATISFIABLE
c
c ---- [ profiling ] ---------------------------------------------------------
c
c           9.15   73.18 %  search
c           4.93   39.39 %  stable
c           4.23   33.79 %  focused
c           3.25   25.97 %  simplify
c           2.28   18.26 %  probe
c           1.00    8.00 %  eliminate
c           0.95    7.59 %  vivify
c           0.71    5.67 %  sweep
c           0.28    2.25 %  subsume
c           0.22    1.78 %  substitute
c           0.19    1.55 %  reduce
c           0.18    1.42 %  congruence
c           0.17    1.36 %  factor
c           0.08    0.65 %  preprocess
c           0.04    0.33 %  walking
c           0.04    0.29 %  transitive
c           0.02    0.14 %  parse
c           0.02    0.14 %  backbone
c           0.00    0.04 %  lucky
c           0.00    0.01 %  extend
c =============================================
c          12.51  100.00 %  total
c
c ---- [ statistics ] --------------------------------------------------------
c
c backbone_computations:                   47             9208    interval
c backbone_ticks:                     3362459 
c chronological:                         1090                0 %  conflicts
c clauses_added:                       843434              100 %  added
c clauses_binary:                        2169                0 %  added
c clauses_irredundant:                 112366               13 %  added
c clauses_learned:                     405860               94 %  conflicts
c clauses_original:                    150203               18 %  added
c clauses_redundant:                    45717 
c clauses_used:                       1587466              391 %  learned
c clauses_used_focused:                364016               23 %  used
c clauses_used_stable:                1223450               77 %  used
c closures:                                 9            48088    interval
c conflicts:                           432792            34601.66 per second
c congruent:                             1801                4 %  variables
c congruent_gates:                     216336            24037.33 per closure
c congruent_gates_ands:                 46457               21 %  gates
c congruent_gates_ites:                 46353               21 %  gates
c congruent_gates_xors:                123526               57 %  gates
c congruent_matched:                     9905              550 %  congruent
c congruent_matched_ands:                   2                0 %  matched
c congruent_matched_ites:                   0                0 %  matched
c congruent_matched_xors:                9903              100 %  matched
c decisions:                          1918357                4.43 per conflict
c eliminated:                           31127               77 %  variables
c eliminate_resolutions:              7069493           565204.94 per second
c eliminations:                             7            61827    interval
c factored:                                26                0 %  variables
c factorizations:                          23            18817    interval
c factor_ticks:                      15720549 
c fast_eliminated:                          0                0 %  eliminated
c fast_strengthened:                        0                0 %  per strengthened
c fast_subsumed:                            0                0 %  per subsumed
c forward_checks:                    51455332 
c forward_steps:                     72624538                1.41 per check
c iterations:                               0                0 %  variables
c kitten_propagations:               18594806               73.81 per solved
c kitten_solved:                       251939 
c kitten_ticks:                      70287048                3.78 per prop
c literals_factor:                     173937                4.29 per variable
c probings:                                16            27050    interval
c probing_ticks:                    104599419 
c propagations:                      88542693          7078976    per second
c random_sequences:                       181             2391    interval
c reductions:                              75             5771    interval
c reordered:                                9            48088    interval
c rephased:                                17            25458    interval
c restarts:                             18192               24    interval
c retiered:                                20            21640    interval
c searches:                                 1           432792    interval
c search_ticks:                     835170490 
c strengthened:                         21214                0 %  checks
c substituted:                           2101                5 %  variables
c substitute_ticks:                   7163022 
c subsumed:                              7460                0 %  checks
c subsumption_checks:                51455332 
c sweep:                                   14            30914    interval
c sweep_completed:                          0                0.00 sweeps
c sweep_equivalences:                     299                1 %  variables
c sweep_solved:                         57607               23 %  kitten_solved
c sweep_units:                              0                0 %  variables
c switched:                                25            17312    interval
c transitive_ticks:                   6087464 
c units:                                  300                1 %  variables
c variables_activated:                  40574                1.00 per variable
c variables_eliminate:                  99666                2.46 variables
c variables_extension:                     26                0.00 per variable
c variables_factor:                         0                0.00 per variable
c variables_original:                   40548                1.00 per variable
c variables_subsume:                    80861                1.99 per variable
c vivifications:                           23            18817    interval
c vivified:                             48359               22 %  checks
c vivify_checks:                       217941             9476    per vivify
c vivify_probes:                      1654687                7.59 per check
c vivify_reused:                       658743               40 %  probes
c walks:                                    6            72132    interval
c walk_steps:                        11544803 
c warming_decisions:                     2515              419.17 per walk
c warming_propagations:                 85873                0 %  propagations
c warmups:                                  6              100 %  walks
c
c ---- [ glue usage ] --------------------------------------------------------
c
c focused glue 6    used 33556 clauses  9.22% accumulated 54.23% tier1
c focused glue 7    used 30838 clauses  8.47% accumulated 62.71%
c focused glue 8-11 used 83533 clauses 22.95% accumulated 85.65%
c focused glue 12   used 11164 clauses  3.07% accumulated 88.72%
c focused glue 13   used  9148 clauses  2.51% accumulated 91.23% tier2
c
c stable glue 7    used  65034 clauses  5.32% accumulated 50.67% tier1
c stable glue 8    used  49195 clauses  4.02% accumulated 54.69%
c stable glue 9-27 used 418723 clauses 34.22% accumulated 88.92%
c stable glue 28   used   9684 clauses  0.79% accumulated 89.71%
c stable glue 29   used   9368 clauses  0.77% accumulated 90.48% tier2
c
c ---- [ resources ] ---------------------------------------------------------
c
c maximum-resident-set-size:         48975872 bytes         47 MB
c process-time:                            13s              12.51 seconds
c
c ---- [ shutting down ] -----------------------------------------------------
c
c exit 10
