c ---- [ banner ] ------------------------------------------------------------
c
c Kissat SAT Solver
c 
c Copyright (c) 2021-2024 Armin Biere University of Freiburg
c Copyright (c) 2019-2021 Armin Biere Johannes Kepler University Linz
c 
c Version 4.0.4 unknown
c gcc (Ubuntu 15.2.0-16ubuntu1) 15.2.0 -W -Wall -O3 -DNDEBUG
c Sat Sep 5 21:05:05 EDT 2026 Linux server7 7.0.0-29-generic x86_64
c
c ---- [ parsing ] -----------------------------------------------------------
c
c opened and reading DIMACS file:
c
c   /home/mjbommar/p4dfa-cnf/string4x8.8._bit8_na6_nr3_paired.cnf
c
c parsed 'p cnf 256789 937980' header
c closing input after reading 19536591 bytes (19 MB)
c finished parsing after 0.09 seconds
c
c ---- [ options ] -----------------------------------------------------------
c
c --statistics=true                (different from default 'false')
c
c ---- [ solving ] -----------------------------------------------------------
c
c seconds switched rate     size/glue tier1   binary            remaining
c        MB reductions conflicts size  tier2      irredundant
c         level restarts redundant glue  trail            variables
c
c *  0.09 61 0 0 0  0 0   0   0 0.0 0 0 0 0 0% 221500 716390 256489 100%
c (  0.09 61 0 0 0  0 0   0   0 0.0 0 0 0 0 0% 221500 716390 256489 100%
c .  0.12 65 0 0 0  0 0   0   0 0.0 0 0 0 0 0% 223762 711152 256489 100%
c c  0.38 134 0 0 0  0 0   0   0 0.0 0 0 0 0 0% 225314 711056 241616 94%
c d  0.41 134 0 0 0  0 0   0   0 0.0 0 0 0 0 0% 194112 710960 241616 94%
c )  0.48 138 0 0 0  0 0   0   0 0.0 0 0 0 0 0% 194016 710960 241616 94%
c {  0.53 142 0 0 0  0 0   0   0 0.0 0 0 2 6 0% 194016 710960 241616 94%
c -  0.73 144 497 0 1 223 44 1000 805 1.7 8 5 3 8 10% 194048 710960 241616 94%
c }  0.73 144 497 1 1 223 44 1000 805 1.7 8 5 3 8 10% 194048 710960 241616 94%
c [  0.73 144 0 1 1 223 0 1000 805 0.0 0 0 2 6 0% 194048 710960 241616 94%
c B  0.73 144 313 1 1 223 11 1001 806 1.2 5 4 2 6 18% 194048 710960 241616 94%
c -  0.85 145 248 1 2 223 12 2001 1689 2.9 29 10 8 18 9% 194072 710959 241616 94%
c W  0.95 139 248 1 2 223 12 2002 1690 2.9 29 10 8 18 9% 194072 710959 241616 94%
c u  1.28 155 149 1 2 224 7 2912 1925 2.1 24 11 8 18 5% 194086 710959 241616 94%
c v  1.30 156 149 1 2 224 7 2912 1770 2.1 24 11 8 18 5% 194086 710959 241616 94%
c w  1.32 156 149 1 2 224 7 2912 1770 2.1 24 11 8 18 5% 194086 710959 241616 94%
c x  1.35 156 149 1 2 224 7 2912 1770 2.1 24 11 8 18 5% 194098 710909 241616 94%
c t  1.41 156 149 1 2 224 7 2912 1770 2.1 24 11 8 18 5% 194092 710909 241616 94%
c -  1.44 156 124 1 3 225 6 3417 1865 1.9 22 11 8 17 5% 194097 710909 241616 94%
c I  1.47 156 99 1 3 225 5 4261 2577 1.8 20 11 8 17 4% 194106 710909 241616 94%
c
c seconds   switched  rate       size/glue  tier1     binary            remaining
c         MB reductions conflicts      size   tier2       irredundant
c          level restarts   redundant     glue   trail            variables
c
c ]  1.48 156 96 2 3 225 5 4386 2684 1.8 20 11 8 17 4% 194106 710909 241616 94%
c {  1.48 156 497 2 3 225 44 4386 2684 1.7 8 5 3 8 10% 194106 710909 241616 94%
c -  1.66 159 369 2 4 252 32 5149 2870 1.8 8 4 3 8 11% 194168 710908 241616 94%
c }  1.71 159 349 3 4 252 29 5387 3085 1.8 8 4 3 8 13% 194184 710908 241616 94%
c [  1.71 159 96 3 4 252 5 5387 3085 1.8 20 11 8 17 4% 194184 710908 241616 94%
c -  1.89 160 147 3 5 253 5 7150 3882 1.9 23 12 8 17 7% 194191 710908 241616 94%
c ]  1.89 160 146 4 5 253 5 7203 3934 1.9 23 12 8 17 7% 194191 710908 241616 94%
c {  1.89 160 349 4 5 253 29 7203 3934 1.8 8 4 3 8 13% 194191 710908 241616 94%
c d  2.44 161 258 4 5 639 32 8969 5537 1.7 8 5 3 8 11% 194255 710907 241615 94%
c u  2.52 161 258 4 5 639 32 8969 4602 1.7 8 5 3 8 11% 194268 710907 241615 94%
c v  2.60 161 258 4 5 639 32 8969 4015 1.7 8 5 3 8 11% 194268 710907 241615 94%
c w  2.63 161 258 4 5 639 32 8969 3915 1.7 8 5 3 8 11% 194268 710907 241615 94%
c t  2.82 161 258 4 5 639 32 8969 3915 1.7 8 5 3 8 11% 194264 710907 241615 94%
c u  3.16 156 258 4 5 639 32 8969 3838 1.7 8 5 3 8 11% 194264 710907 241615 94%
c v  3.22 156 258 4 5 639 32 8969 3682 1.7 8 5 3 8 11% 194264 710907 241615 94%
c w  3.24 156 258 4 5 639 32 8969 3650 1.7 8 5 3 8 11% 194264 710907 241615 94%
c x  3.28 157 258 4 5 639 32 8969 3650 1.7 8 5 3 8 11% 194266 710773 241615 94%
c -  3.44 158 241 4 6 691 30 9388 3396 1.7 8 5 3 8 11% 194275 710773 241615 94%
c }  3.48 158 240 5 6 723 31 9555 3545 1.7 8 5 3 8 11% 194286 710773 241615 94%
c [  3.48 158 146 5 6 723 5 9555 3545 1.9 23 12 8 17 7% 194286 710773 241615 94%
c
c seconds    switched  rate       size/glue  tier1     binary            remaining
c         MB  reductions conflicts      size   tier2       irredundant
c           level restarts   redundant     glue   trail            variables
c
c B  3.48 158 146 5 6 723 5 9555 3545 1.9 23 12 8 17 7% 194286 710773 241615 94%
c -  3.69 159 143 5 7 725 4 11837 4845 2.0 22 11 7 17 9% 194326 710772 241615 94%
c -  3.83 160 114 5 8 726 4 14483 6069 2.1 23 11 4 15 7% 194348 710772 241615 94%
c s  3.90 160 113 5 8 726 4 14559 6142 2.1 23 11 4 15 7% 194348 710753 241615 94%
c e  4.91 194 113 5 8 726 4 14559 6142 2.1 23 11 4 15 7% 23033 625621 79879 31%
c 2  4.91 194 113 5 8 726 4 14559 6142 2.1 23 11 4 15 7% 23032 625621 79879 31%
c s  4.99 194 113 5 8 726 4 14559 6142 2.1 23 11 4 15 7% 23033 625398 79879 31%
c e  5.02 194 113 5 8 726 4 14559 6142 2.1 23 11 4 15 7% 23029 625402 79878 31%
c ^  5.02 194 113 5 8 726 4 14559 6142 2.1 23 11 4 15 7% 23029 625402 79878 31%
c o  5.05 201 113 5 8 726 4 14559 690 2.1 23 11 4 15 7% 23029 625402 79878 31%
c W  5.20 218 120 5 8 727 4 15085 1130 2.0 23 11 4 15 8% 23033 625402 79878 31%
c -  5.28 206 106 5 9 728 4 17312 2288 2.0 25 13 7 18 7% 23035 625402 79878 31%
c d  5.33 206 101 5 9 729 4 18376 3226 1.9 26 14 7 18 7% 23035 625402 79877 31%
c u  5.37 207 101 5 9 729 4 18376 3089 1.9 26 14 7 18 7% 23036 625402 79877 31%
c v  5.40 207 101 5 9 729 4 18376 2916 1.9 26 14 7 18 7% 23036 625402 79877 31%
c w  5.46 208 101 5 9 729 4 18376 2539 1.9 26 14 7 18 7% 23036 625402 79877 31%
c t  5.50 208 101 5 9 729 4 18376 2539 1.9 26 14 7 18 7% 23006 625402 79877 31%
c f  5.70 176 101 5 9 729 4 18376 2539 1.9 26 14 7 18 7% 22946 624598 79901 31%
c u  5.77 188 101 5 9 729 4 18376 2531 1.9 26 14 7 18 7% 22946 624598 79901 31%
c v  5.80 189 101 5 9 729 4 18376 2465 1.9 26 14 7 18 7% 22946 624598 79901 31%
c
c seconds    switched  rate        size/glue  tier1    binary           remaining
c         MB  reductions conflicts       size   tier2      irredundant
c           level restarts    redundant     glue   trail           variables
c
c w  5.85 190 101 5 9 729 4 18376 2080 1.9 26 14 7 18 7% 22946 624598 79901 31%
c ]  6.03 200 97 6 9 729 3 19202 2721 1.9 26 14 7 18 6% 22946 624598 79901 31%
c {  6.03 200 240 6 9 729 31 19202 2721 1.7 8 5 3 8 11% 22946 624598 79901 31%
c -  6.15 202 208 6 10 1131 30 20312 3126 1.6 10 6 4 10 9% 22952 624598 79901 31%
c }  6.46 203 164 7 10 1985 29 23271 5892 1.5 12 8 4 10 7% 22963 624598 79901 31%
c [  6.46 203 97 7 10 1985 3 23271 5892 1.9 26 14 7 18 6% 22963 624598 79901 31%
c O  6.46 203 97 7 10 1985 3 23271 5892 1.9 26 14 7 18 6% 22963 624598 79901 31%
c -  6.49 204 102 7 11 1985 4 23477 5350 1.9 26 14 7 19 7% 22963 624598 79901 31%
c -  6.62 206 132 7 12 1987 3 26793 6755 1.8 27 15 7 20 9% 22967 624596 79901 31%
c o  6.65 206 132 7 12 1988 3 27645 7419 1.8 26 15 7 20 8% 22970 624594 79901 31%
c s  6.76 206 144 7 12 1988 3 28542 8220 1.8 26 15 7 20 10% 22970 623814 79901 31%
c e  7.02 207 144 7 12 1988 3 28542 8220 1.8 26 15 7 20 10% 20916 625804 78542 31%
c s  7.08 207 144 7 12 1988 3 28542 8220 1.8 26 15 7 20 10% 20916 625682 78542 31%
c ^  7.11 207 144 7 12 1988 3 28542 8220 1.8 26 15 7 20 10% 20916 625682 78542 31%
c -  7.18 207 143 7 13 1990 3 30260 7032 1.8 26 15 7 21 10% 20923 625677 78542 31%
c c  7.40 188 143 7 13 1990 3 30819 7540 1.8 27 15 7 21 10% 39336 588809 69325 27%
c d  7.42 188 143 7 13 1990 3 30819 7535 1.8 27 15 7 21 10% 20902 588809 69325 27%
c u  7.49 191 143 7 13 1990 3 30819 6882 1.8 27 15 7 21 10% 20906 588809 69325 27%
c v  7.53 193 143 7 13 1990 3 30819 6098 1.8 27 15 7 21 10% 20906 588809 69325 27%
c w  7.56 193 143 7 13 1990 3 30819 6077 1.8 27 15 7 21 10% 20906 588809 69325 27%
c
c seconds    switched    rate        size/glue  tier1     binary           remaining
c         MB   reductions  conflicts       size   tier2       irredundant
c           level   restarts    redundant     glue    trail           variables
c
c x  7.60 195 143 7 13 1990 3 30819 6077 1.8 27 15 7 21 10% 20906 587367 69325 27%
c t  7.65 195 143 7 13 1990 3 30819 6077 1.8 27 15 7 21 10% 20904 587367 69325 27%
c u  7.78 195 143 7 13 1990 3 30819 6028 1.8 27 15 7 21 10% 20904 587367 69325 27%
c v  7.84 196 143 7 13 1990 3 30819 5242 1.8 27 15 7 21 10% 20904 587367 69325 27%
c w  7.88 196 143 7 13 1990 3 30819 5042 1.8 27 15 7 21 10% 20904 587367 69325 27%
c B  8.04 197 136 7 13 1991 3 33034 6998 1.7 27 15 7 21 9% 20910 587364 69325 27%
c -  8.11 198 157 7 14 1991 3 33867 5866 1.7 27 16 7 22 10% 20910 587364 69325 27%
c ]  8.18 199 190 8 14 1992 3 36368 8175 1.6 28 18 7 22 10% 20910 587364 69325 27%
c {  8.18 199 164 8 14 1992 29 36368 8175 1.5 12 8 4 10 7% 20910 587364 69325 27%
c -  8.26 201 159 8 15 2096 28 37611 7345 1.5 13 8 7 13 7% 20924 587363 69325 27%
c -  8.43 202 143 8 16 2462 24 41485 8873 1.5 13 9 7 13 6% 20979 587354 69325 27%
c }  8.47 202 140 9 16 2548 23 42529 9727 1.4 13 9 7 13 6% 20998 587353 69325 27%
c [  8.47 202 190 9 16 2548 3 42529 9727 1.6 28 18 7 22 10% 20998 587353 69325 27%
c W  8.62 201 186 9 16 2550 3 45256 12180 1.6 28 18 7 22 10% 20999 587352 69325 27%
c -  8.64 201 186 9 17 2550 3 45485 10489 1.6 28 18 8 24 10% 20999 587352 69325 27%
c u  8.83 193 184 9 17 2550 3 46731 11323 1.6 28 18 8 24 10% 20999 587352 69325 27%
c v  8.87 194 184 9 17 2550 3 46731 11056 1.6 28 18 8 24 10% 20999 587352 69325 27%
c w  8.89 194 184 9 17 2550 3 46731 11050 1.6 28 18 8 24 10% 20999 587352 69325 27%
c x  8.93 194 184 9 17 2550 3 46731 11050 1.6 28 18 8 24 10% 20999 586421 69325 27%
c -  9.10 197 174 9 18 2553 3 49608 11427 1.6 28 18 8 24 10% 21002 586421 69325 27%
c
c seconds     switched    rate         size/glue  tier1    binary           remaining
c         MB    reductions  conflicts        size   tier2      irredundant
c           level    restarts     redundant     glue   trail           variables
c
c ]  9.12 197 169 10 18 2553 3 51155 12668 1.6 28 18 8 24 9% 21002 586421 69325 27%
c {  9.12 197 140 10 18 2553 23 51155 12668 1.4 13 9 7 13 6% 21002 586421 69325 27%
c o  9.14 197 140 10 18 2554 23 51186 12696 1.4 13 9 7 13 6% 21004 586421 69325 27%
c -  9.35 202 139 10 19 2859 22 53850 12845 1.4 13 9 7 13 6% 21043 586413 69325 27%
c -  9.57 204 133 10 20 3396 21 58208 14227 1.4 13 9 7 13 5% 21091 586401 69325 27%
c s  9.68 204 133 10 20 3461 21 58847 14786 1.4 13 9 7 13 5% 21107 586244 69325 27%
c e 10.03 211 133 10 20 3461 21 58847 14786 1.4 13 9 7 13 5% 11521 612187 60178 23%
c s 10.09 211 133 10 20 3461 21 58847 14786 1.4 13 9 7 13 5% 11525 607531 60178 23%
c e 10.14 211 133 10 20 3461 21 58847 14786 1.4 13 9 7 13 5% 11522 607539 60174 23%
c ^ 10.14 211 133 10 20 3461 21 58847 14786 1.4 13 9 7 13 5% 11522 607539 60174 23%
c } 10.20 189 132 11 20 3577 21 59783 13109 1.4 13 9 7 13 5% 11530 607539 60174 23%
c [ 10.20 189 169 11 20 3577 3 59783 13109 1.6 28 18 8 24 9% 11530 607539 60174 23%
c I 10.21 190 168 11 20 3577 3 60160 13436 1.6 28 18 8 24 9% 11530 607539 60174 23%
c - 10.34 196 172 11 21 3579 3 62680 13622 1.6 28 18 8 24 9% 11536 607539 60174 23%
c u 10.55 198 166 11 21 3582 3 66305 16704 1.6 29 18 8 24 9% 11546 607539 60174 23%
c v 10.59 198 166 11 21 3582 3 66305 16354 1.6 29 18 8 24 9% 11546 607539 60174 23%
c w 10.62 198 166 11 21 3582 3 66305 16349 1.6 29 18 8 24 9% 11546 607539 60174 23%
c x 10.67 199 166 11 21 3582 3 66305 16349 1.6 29 18 8 24 9% 11546 605521 60174 23%
c - 10.96 204 164 11 22 3582 3 67263 14544 1.6 29 19 8 25 9% 11547 605521 60174 23%
c ] 11.11 205 158 12 22 3583 3 71840 18865 1.6 30 19 8 25 9% 11550 605521 60174 23%
c
c seconds     switched     rate         size/glue tier1    binary           remaining
c         MB    reductions   conflicts        size  tier2      irredundant
c           level    restarts      redundant    glue   trail           variables
c
c { 11.11 205 132 12 22 3583 21 71840 18865 1.4 13 9 7 13 5% 11550 605521 60174 23%
c - 11.13 205 132 12 23 3606 21 71953 15677 1.4 13 9 7 13 5% 11553 605520 60174 23%
c - 11.39 206 127 12 24 4086 20 76748 17233 1.4 13 9 7 13 5% 11616 605518 60174 23%
c o 11.64 207 133 12 24 4567 19 81187 20860 1.4 13 9 7 13 5% 11677 605517 60174 23%
c - 11.69 191 133 12 25 4582 19 81647 18745 1.4 13 9 7 13 5% 11680 605517 60174 23%
c } 11.79 196 132 13 25 4703 19 83321 20124 1.4 13 9 7 13 5% 11702 605517 60174 23%
c [ 11.79 196 158 13 25 4703 3 83321 20124 1.6 30 19 8 25 9% 11702 605517 60174 23%
c B 11.79 196 158 13 25 4703 3 83321 20124 1.6 30 19 8 25 9% 11702 605517 60174 23%
c - 11.88 197 151 13 26 4705 3 86647 20329 1.6 31 19 8 25 9% 11702 605517 60174 23%
c u 12.02 200 144 13 26 4707 3 89722 22544 1.6 30 19 8 25 9% 11702 605517 60174 23%
c v 12.07 201 144 13 26 4707 3 89722 22142 1.6 30 19 8 25 9% 11702 605517 60174 23%
c w 12.10 201 144 13 26 4707 3 89722 22115 1.6 30 19 8 25 9% 11702 605517 60174 23%
c x 12.14 202 144 13 26 4707 3 89722 22114 1.6 30 19 8 25 9% 11702 605112 60174 23%
c - 12.30 202 140 13 27 4708 3 91748 21112 1.6 30 19 8 25 8% 11702 605112 60174 23%
c - 12.44 203 133 13 28 4710 3 96946 22638 1.6 30 19 8 25 8% 11705 605112 60174 23%
c - 12.54 203 123 13 29 4713 3 102237 23366 1.6 30 19 8 24 7% 11705 605112 60174 23%
c W 12.65 203 119 13 29 4715 3 104233 25134 1.6 30 19 8 24 7% 11705 605112 60174 23%
c s 12.78 203 114 13 29 4716 3 107422 27782 1.6 30 19 8 24 7% 11705 604921 60174 23%
c e 13.13 209 114 13 29 4716 3 107422 27782 1.6 30 19 8 24 7% 8337 625271 54957 21%
c s 13.20 209 114 13 29 4716 3 107422 27782 1.6 30 19 8 24 7% 8356 624881 54957 21%
c
c seconds     switched    rate          size/glue  tier1    binary          remaining
c         MB    reductions  conflicts         size   tier2     irredundant
c           level    restarts      redundant     glue   trail          variables
c
c e 13.24 209 114 13 29 4716 3 107422 27782 1.6 30 19 8 24 7% 8356 624887 54955 21%
c ^ 13.24 209 114 13 29 4716 3 107422 27782 1.6 30 19 8 24 7% 8356 624887 54955 21%
c - 13.27 184 114 13 30 4716 3 107622 18991 1.6 30 19 8 23 7% 8356 624887 54955 21%
c - 13.35 185 107 13 31 4717 2 113101 20482 1.6 30 19 8 23 6% 8356 624887 54955 21%
c ] 13.36 185 106 14 31 4717 2 113825 21006 1.6 30 19 8 23 6% 8356 624887 54955 21%
c { 13.36 185 132 14 31 4717 19 113825 21006 1.4 13 9 7 13 5% 8356 624887 54955 21%
c c 13.67 190 135 14 31 5065 18 117088 23742 1.4 13 9 7 13 5% 8364 624855 54947 21%
c d 13.70 190 135 14 31 5065 18 117088 23742 1.4 13 9 7 13 5% 8348 624855 54947 21%
c u 13.75 194 135 14 31 5065 18 117088 23311 1.4 13 9 7 13 5% 8348 624855 54947 21%
c v 13.79 196 135 14 31 5065 18 117088 22993 1.4 13 9 7 13 5% 8348 624855 54947 21%
c w 13.81 197 135 14 31 5065 18 117088 22887 1.4 13 9 7 13 5% 8348 624855 54947 21%
c x 13.85 198 135 14 31 5065 18 117088 22879 1.4 13 9 7 13 5% 8348 624613 54947 21%
c u 14.03 199 135 14 31 5065 18 117088 22371 1.4 13 9 7 13 5% 8348 624613 54947 21%
c v 14.06 199 135 14 31 5065 18 117088 21986 1.4 13 9 7 13 5% 8348 624613 54947 21%
c w 14.09 199 135 14 31 5065 18 117088 21960 1.4 13 9 7 13 5% 8348 624613 54947 21%
c x 14.13 200 135 14 31 5065 18 117088 21947 1.4 13 9 7 13 5% 8352 624319 54947 21%
c - 14.31 202 133 14 32 5308 18 118668 20963 1.4 13 10 7 13 5% 8352 624319 54947 21%
c o 14.41 203 130 14 32 5545 18 121217 23100 1.4 13 10 7 13 4% 8354 624319 54947 21%
c - 14.61 207 133 14 33 5893 18 124326 23279 1.4 14 10 7 13 4% 8356 624316 54947 21%
c } 14.86 194 135 15 33 6263 17 128540 26725 1.4 14 10 7 13 4% 8356 624314 54947 21%
c
c seconds     switched    rate          size/glue  tier1    binary          remaining
c         MB    reductions  conflicts         size   tier2     irredundant
c           level    restarts      redundant     glue   trail          variables
c
c [ 14.86 194 106 15 33 6263 2 128540 26725 1.6 30 19 8 23 6% 8356 624314 54947 21%
c O 14.86 194 106 15 33 6263 2 128540 26725 1.6 30 19 8 23 6% 8356 624314 54947 21%
c - 14.96 198 110 15 34 6264 2 130071 24992 1.6 30 19 8 23 6% 8356 624314 54947 21%
c - 15.17 201 109 15 35 6268 3 135902 25953 1.6 30 19 8 23 6% 8356 624314 54947 21%
c - 15.33 201 110 15 36 6269 2 141820 27244 1.6 30 19 8 23 7% 8356 624314 54947 21%
c - 15.48 202 106 15 37 6274 2 147820 28850 1.6 30 19 7 23 6% 8356 624309 54947 21%
c u 15.59 203 105 15 37 6275 2 148575 28026 1.6 29 19 7 23 6% 8356 624309 54947 21%
c v 15.65 204 105 15 37 6275 2 148575 27645 1.6 29 19 7 23 6% 8356 624309 54947 21%
c w 15.68 204 105 15 37 6275 2 148575 27541 1.6 29 19 7 23 6% 8356 624309 54947 21%
c x 15.72 205 105 15 37 6275 2 148575 27541 1.6 29 19 7 23 6% 8356 624155 54947 21%
c ] 15.86 205 104 16 37 6275 2 150185 28877 1.6 29 19 7 23 6% 8356 624155 54947 21%
c { 15.86 205 135 16 37 6275 17 150185 28877 1.4 14 10 7 13 4% 8356 624155 54947 21%
c - 16.09 208 135 16 38 6672 17 153902 28669 1.4 14 10 7 13 4% 8359 624153 54947 21%
c - 16.36 209 131 16 39 7197 16 160066 30409 1.4 14 10 7 13 4% 8359 624153 54947 21%
c - 16.66 198 128 16 40 7714 16 166310 32171 1.4 14 10 7 13 4% 8360 624152 54947 21%
c } 16.79 200 129 17 40 7991 16 168523 33973 1.4 14 10 7 13 4% 8362 624152 54947 21%
c [ 16.79 200 104 17 40 7991 2 168523 33973 1.6 29 19 7 23 6% 8362 624152 54947 21%
c B 16.79 200 104 17 40 7991 2 168523 33973 1.6 29 19 7 23 6% 8362 624152 54947 21%
c - 16.93 202 106 17 41 7993 2 172634 33568 1.6 29 19 7 23 6% 8362 624152 54947 21%
c o 16.99 202 105 17 41 7995 2 173965 34766 1.6 29 19 7 23 6% 8362 624152 54947 21%
c
c seconds     switched    rate          size/glue  tier1    binary          remaining
c         MB    reductions  conflicts         size   tier2     irredundant
c           level    restarts      redundant     glue   trail          variables
c
c s 17.17 202 104 17 41 7996 2 176620 37010 1.5 29 19 7 23 6% 8362 624031 54947 21%
c e 17.56 214 104 17 41 7996 2 176620 37010 1.5 29 19 7 23 6% 8368 655930 50188 20%
c 2 17.56 214 104 17 41 7996 2 176620 37010 1.5 29 19 7 23 6% 8348 655930 50188 20%
c s 17.66 214 104 17 41 7996 2 176620 37010 1.5 29 19 7 23 6% 8368 650358 50188 20%
c ^ 17.73 214 104 17 41 7996 2 176620 37010 1.5 29 19 7 23 6% 8368 650358 50188 20%
c - 17.85 194 103 17 42 7997 2 179037 30808 1.6 29 19 8 23 6% 8368 650341 50188 20%
c u 18.12 199 103 17 42 8000 2 184217 34572 1.6 29 19 8 23 6% 8368 650325 50188 20%
c v 18.17 200 103 17 42 8000 2 184217 33819 1.6 29 19 8 23 6% 8368 650325 50188 20%
c w 18.21 200 103 17 42 8000 2 184217 33806 1.6 29 19 8 23 6% 8368 650325 50188 20%
c x 18.26 201 103 17 42 8000 2 184217 33806 1.6 29 19 8 23 6% 8368 650139 50188 20%
c - 18.63 210 102 17 43 8000 2 185517 31458 1.6 29 19 7 23 6% 8368 650129 50188 20%
c - 18.80 186 97 17 44 8004 2 192074 32934 1.6 29 19 7 23 6% 8368 650100 50188 20%
c ] 18.87 187 94 18 44 8005 2 196178 36333 1.6 29 19 7 23 6% 8368 650082 50188 20%
c { 18.87 187 129 18 44 8005 16 196178 36333 1.4 14 10 7 13 4% 8368 650082 50188 20%
c - 19.00 200 129 18 45 8526 16 198707 33794 1.4 14 10 7 13 4% 8374 650079 50188 20%
c - 19.35 205 130 18 46 8931 15 205416 35082 1.4 14 10 7 13 4% 8382 650067 50188 20%
c - 19.60 207 129 18 47 9202 14 212199 36065 1.4 14 10 7 13 4% 8389 650056 50188 20%
c } 19.89 208 129 19 47 9700 14 218523 40971 1.4 14 10 7 13 5% 8392 650048 50188 20%
c [ 19.89 208 94 19 47 9700 2 218523 40971 1.6 29 19 7 23 6% 8392 650048 50188 20%
c W 19.97 209 94 19 47 9700 2 218523 40971 1.6 29 19 7 23 6% 8392 650048 50188 20%
c
c seconds    switched    rate          size/glue  tier1    binary          remaining
c         MB   reductions  conflicts         size   tier2     irredundant
c          level    restarts      redundant     glue   trail          variables
c
c - 19.99 210 94 19 48 9700 2 219054 38023 1.6 29 19 7 22 6% 8392 650048 50188 20%
c u 20.29 199 91 19 48 9704 2 224308 41447 1.6 29 18 7 22 6% 8411 650047 50188 20%
c v 20.35 201 91 19 48 9704 2 224308 40358 1.6 29 18 7 22 6% 8411 650047 50188 20%
c w 20.38 201 91 19 48 9704 2 224308 40257 1.6 29 18 7 22 6% 8411 650047 50188 20%
c x 20.43 203 91 19 48 9704 2 224308 40257 1.6 29 18 7 22 6% 8411 649896 50188 20%
c - 20.63 204 96 19 49 9705 2 225983 38005 1.6 29 18 7 22 6% 8415 649895 50188 20%
c - 20.81 206 96 19 50 9708 2 232983 39989 1.6 29 18 7 22 6% 8415 649888 50188 20%
c o 20.92 206 101 19 50 9710 2 236033 42815 1.6 30 18 7 22 6% 8418 649882 50188 20%
c - 21.03 207 98 19 51 9712 2 240056 41798 1.6 29 18 7 22 6% 8418 649872 50188 20%
c - 21.19 208 92 19 52 9714 2 247201 44115 1.6 29 18 7 21 6% 8418 649856 50188 20%
c ] 21.31 208 87 20 52 9714 2 252863 48944 1.6 28 17 7 21 6% 8418 649849 50188 20%
c { 21.31 208 129 20 52 9714 14 252863 48944 1.4 14 10 7 13 5% 8418 649849 50188 20%
c - 21.39 209 129 20 53 9838 14 254412 46547 1.4 14 10 7 12 4% 8419 649844 50188 20%
c - 21.81 200 127 20 54 10456 14 261692 48050 1.4 14 10 7 13 4% 8423 649791 50188 20%
c s 22.24 203 126 20 54 10906 13 268626 53547 1.4 14 10 7 13 4% 8423 644976 50188 20%
c e 22.80 225 126 20 54 10906 13 268626 53547 1.4 14 10 7 13 4% 8360 766234 38217 15%
c 2 22.80 225 126 20 54 10906 13 268626 53547 1.4 14 10 7 13 4% 8359 766234 38217 15%
c s 22.93 225 126 20 54 10906 13 268626 53547 1.4 14 10 7 13 4% 8360 762932 38217 15%
c e 23.03 225 126 20 54 10906 13 268626 53547 1.4 14 10 7 13 4% 8360 762948 38216 15%
c ! 23.03 225 126 20 54 10906 13 268626 53547 1.4 14 10 7 13 4% 8360 762948 38216 15%
c
c seconds     switched      rate          size/glue  tier1    binary          remaining
c         MB    reductions    conflicts         size   tier2     irredundant
c           level    restarts        redundant     glue   trail          variables
c
c u 23.17 202 126 20 54 10913 13 268740 32745 1.4 14 10 7 13 4% 8360 762948 38216 15%
c v 23.22 204 126 20 54 10913 13 268740 32113 1.4 14 10 7 13 4% 8360 762948 38216 15%
c w 23.26 204 126 20 54 10913 13 268740 32082 1.4 14 10 7 13 4% 8360 762948 38216 15%
c x 23.31 206 126 20 54 10913 13 268740 32082 1.4 14 10 7 13 4% 8360 762804 38216 15%
c - 23.51 207 126 20 55 10935 13 269041 29380 1.4 14 10 7 13 4% 8360 762796 38216 15%
c - 23.85 213 121 20 56 11613 13 276457 32354 1.4 14 10 7 13 4% 8360 762726 38216 15%
c } 23.95 213 119 21 56 11825 13 279603 34607 1.4 14 10 7 13 4% 8360 762705 38216 15%
c [ 23.95 213 87 21 56 11825 2 279603 34607 1.6 28 17 7 21 6% 8360 762705 38216 15%
c I 23.95 213 87 21 56 11825 2 279603 34607 1.6 28 17 7 21 6% 8360 762705 38216 15%
c - 24.22 200 93 21 57 11828 2 283940 35231 1.6 29 18 7 21 6% 8360 762689 38216 15%
c - 24.51 201 89 21 58 11831 2 291491 36290 1.6 29 18 7 22 6% 8360 762662 38216 15%
c - 24.86 204 87 21 59 11837 2 299106 36811 1.6 30 18 8 22 6% 8360 762644 38216 15%
c ] 25.04 204 88 22 59 11838 2 304005 41424 1.7 31 19 8 22 6% 8360 762612 38216 15%
c { 25.04 204 119 22 59 11838 13 304005 41424 1.4 14 10 7 13 4% 8360 762612 38216 15%
c o 25.25 209 118 22 59 12209 13 306041 43311 1.4 14 10 7 13 4% 8366 762608 38216 15%
c - 25.37 212 118 22 60 12347 13 306787 38797 1.4 15 10 7 13 4% 8371 762605 38216 15%
c - 25.95 216 117 22 61 13648 13 314532 40731 1.4 15 10 7 13 4% 8415 762582 38216 15%
c u 26.42 220 114 22 61 14465 13 318546 42268 1.4 15 11 7 13 4% 8433 762574 38216 15%
c v 26.49 220 114 22 61 14465 13 318546 40582 1.4 15 11 7 13 4% 8433 762574 38216 15%
c w 26.54 220 114 22 61 14465 13 318546 40503 1.4 15 11 7 13 4% 8433 762574 38216 15%
c
c seconds     switched      rate          size/glue  tier1    binary          remaining
c         MB    reductions    conflicts         size   tier2     irredundant
c           level    restarts        redundant     glue   trail          variables
c
c x 26.61 221 114 22 61 14465 13 318546 40503 1.4 15 11 7 13 4% 8433 762338 38216 15%
c - 27.17 205 113 22 62 15175 13 322342 39904 1.4 15 11 7 13 4% 8448 762333 38216 15%
c - 27.86 208 109 22 63 16646 13 330218 42966 1.4 16 11 7 13 4% 8482 762305 38216 15%
c } 28.47 217 112 23 63 17490 13 335521 47797 1.4 16 11 7 13 5% 8502 762277 38216 15%
c [ 28.47 217 88 23 63 17490 2 335521 47797 1.7 31 19 8 22 6% 8502 762277 38216 15%
c B 28.47 217 88 23 63 17490 2 335521 47797 1.7 31 19 8 22 6% 8502 762277 38216 15%
c - 28.60 198 90 23 64 17492 2 338157 44725 1.6 31 19 8 22 6% 8502 762273 38216 15%
c - 28.80 201 87 23 65 17496 2 346160 43816 1.6 31 19 8 22 6% 8502 762262 38216 15%
c - 28.89 201 82 23 66 17500 2 354222 41506 1.6 31 19 8 22 6% 8502 762259 38216 15%
c - 29.04 202 78 23 67 17504 2 362347 41729 1.6 30 19 8 22 5% 8502 762253 38216 15%
c - 29.18 202 74 23 68 17504 2 370532 41535 1.6 30 19 8 22 5% 8502 762252 38216 15%
c u 29.36 208 73 23 68 17507 2 372944 40727 1.6 30 19 8 22 5% 8502 762250 38216 15%
c v 29.41 208 73 23 68 17507 2 372944 39665 1.6 30 19 8 22 5% 8502 762250 38216 15%
c w 29.48 208 73 23 68 17507 2 372944 38149 1.6 30 19 8 22 5% 8502 762250 38216 15%
c x 29.54 210 73 23 68 17507 2 372944 38147 1.6 30 19 8 22 5% 8502 761982 38216 15%
c - 29.84 211 71 23 69 17510 2 378779 38404 1.5 30 19 8 22 5% 8502 761981 38216 15%
c W 29.96 218 70 23 69 17510 2 379234 38800 1.5 30 19 8 22 5% 8502 761979 38216 15%
c s 30.29 190 68 23 69 17514 2 387049 45259 1.5 30 20 8 22 5% 8504 758352 38216 15%
c s 30.61 212 68 23 69 17514 2 387049 45259 1.5 30 20 8 22 5% 8504 754344 38216 15%
c o 30.73 212 68 23 69 17514 2 387049 45259 1.5 30 20 8 22 5% 8504 754344 38216 15%
c
c seconds    switched     rate          size/glue  tier1    binary          remaining
c         MB   reductions   conflicts         size   tier2     irredundant
c          level    restarts       redundant     glue   trail          variables
c
c - 30.76 215 68 23 70 17514 2 387086 39786 1.5 30 20 8 22 5% 8504 754344 38216 15%
c - 31.07 216 67 23 71 17518 2 395453 40655 1.5 30 20 8 23 5% 8504 754326 38216 15%
c - 31.37 216 65 23 72 17519 2 403880 40617 1.6 32 20 8 23 5% 8504 754323 38216 15%
c - 31.70 217 62 23 73 17520 2 412365 40328 1.6 33 21 8 23 4% 8504 754321 38216 15%
c - 32.00 217 60 23 74 17520 2 420912 40908 1.7 34 21 8 23 4% 8504 754319 38216 15%
c O 32.18 189 59 23 74 17525 2 427395 46450 1.6 35 21 8 23 4% 8504 754314 38216 15%
c - 32.30 203 63 23 75 17526 2 429515 42373 1.6 34 21 8 23 5% 8508 754314 38216 15%
c u 32.50 205 63 23 75 17527 2 432020 43594 1.6 34 21 8 23 4% 8508 754311 38216 15%
c v 32.56 206 63 23 75 17527 2 432020 42598 1.6 34 21 8 23 4% 8508 754311 38216 15%
c w 32.61 206 63 23 75 17527 2 432020 42550 1.6 34 21 8 23 4% 8508 754311 38216 15%
c x 32.66 207 63 23 75 17527 2 432020 42549 1.6 34 21 8 23 4% 8508 754153 38216 15%
c t 32.72 207 63 23 75 17527 2 432020 42549 1.6 34 21 8 23 4% 8507 754153 38216 15%
c - 32.86 208 61 23 76 17530 2 438175 42308 1.6 34 21 8 23 4% 8507 754153 38216 15%
c ] 32.92 210 62 24 76 17530 2 438944 43011 1.6 33 21 8 23 4% 8507 754139 38216 15%
c { 32.92 210 112 24 76 17530 13 438944 43011 1.4 16 11 7 13 5% 8507 754139 38216 15%
c - 33.31 216 110 24 77 17786 13 446892 44711 1.4 16 11 7 13 5% 8507 754115 38216 15%
c - 33.75 207 109 24 78 18371 13 455666 45719 1.4 16 11 7 14 5% 8507 754076 38216 15%
c - 34.19 211 109 24 79 19055 13 464497 46937 1.4 16 11 7 14 5% 8510 754010 38216 15%
c - 34.53 213 107 24 80 19353 12 473386 48197 1.4 16 11 7 13 4% 8513 753965 38216 15%
c } 34.67 214 106 25 80 19470 12 475622 49913 1.4 16 11 7 13 4% 8513 753947 38216 15%
c
c seconds    switched     rate          size/glue  tier1    binary          remaining
c         MB   reductions   conflicts         size   tier2     irredundant
c          level    restarts       redundant     glue   trail          variables
c
c [ 34.67 214 62 25 80 19470 2 475622 49913 1.6 33 21 8 23 4% 8513 753947 38216 15%
c B 34.79 215 62 25 80 19473 2 480182 53905 1.6 33 20 8 23 4% 8513 753933 38216 15%
c o 34.80 215 62 25 80 19473 2 480182 53905 1.6 33 20 8 23 4% 8513 753933 38216 15%
c - 34.86 216 63 25 81 19475 2 482331 49210 1.6 33 20 8 23 4% 8515 753932 38216 15%
c - 35.09 217 62 25 82 19479 2 491331 50085 1.7 33 20 8 23 5% 8537 753930 38216 15%
c u 35.36 203 62 25 82 19482 2 495754 52396 1.7 33 20 8 23 5% 8543 753929 38216 15%
c v 35.43 206 62 25 82 19482 2 495754 51519 1.7 33 20 8 23 5% 8543 753929 38216 15%
c w 35.48 206 62 25 82 19482 2 495754 51464 1.7 33 20 8 23 5% 8543 753929 38216 15%
c x 35.53 208 62 25 82 19482 2 495754 51464 1.7 33 20 8 23 5% 8543 753729 38216 15%
c t 35.88 222 62 25 82 19482 2 495754 51464 1.7 33 20 8 23 5% 8541 753729 38216 15%
c - 36.07 192 61 25 83 19483 2 500387 49181 1.7 33 20 8 23 5% 8547 753729 38216 15%
c - 36.42 207 64 25 84 19484 2 509497 51476 1.7 33 19 8 23 6% 8547 753683 38216 15%
c - 36.64 208 63 25 85 19490 2 518662 51865 1.7 33 19 8 23 5% 8548 753680 38216 15%
c - 36.82 209 62 25 86 19494 2 527883 51809 1.7 33 19 8 23 5% 8548 753677 38216 15%
c s 37.10 209 63 25 86 19497 2 531679 55089 1.7 33 19 8 23 5% 8550 752041 38216 15%
c e 37.21 222 63 25 86 19497 2 531679 55089 1.7 33 19 8 23 5% 8550 752104 38212 15%
c s 37.38 222 63 25 86 19497 2 531679 55089 1.7 33 19 8 23 5% 8550 752057 38212 15%
c ] 37.51 191 63 26 86 19498 2 533198 56419 1.7 33 19 8 23 5% 8550 752051 38212 15%
c { 37.51 191 106 26 86 19498 12 533198 56419 1.4 16 11 7 13 4% 8550 752051 38212 15%
c - 37.75 209 106 26 87 19664 12 537157 52713 1.4 16 11 7 13 5% 8550 752034 38212 15%
c
c seconds     switched      rate          size/glue  tier1    binary          remaining
c         MB    reductions    conflicts         size   tier2     irredundant
c           level    restarts        redundant     glue   trail          variables
c
c - 38.12 213 105 26 88 20086 12 546484 53692 1.4 16 11 7 13 4% 8550 751970 38212 15%
c - 38.55 217 104 26 89 20635 11 555864 55507 1.4 16 11 7 13 4% 8551 751910 38212 15%
c u 39.00 207 102 26 89 21085 11 564301 60987 1.4 16 11 7 13 4% 8551 751845 38212 15%
c v 39.07 208 102 26 89 21085 11 564301 59879 1.4 16 11 7 13 4% 8551 751845 38212 15%
c w 39.12 209 102 26 89 21085 11 564301 59819 1.4 16 11 7 13 4% 8551 751845 38212 15%
c x 39.17 210 102 26 89 21085 11 564301 59817 1.4 16 11 7 13 4% 8551 751641 38212 15%
c - 39.35 213 102 26 90 21124 11 565297 55402 1.4 16 11 7 13 4% 8551 751639 38212 15%
c - 39.81 216 101 26 91 21544 11 574784 57401 1.5 16 11 7 13 4% 8552 751575 38212 15%
c } 39.87 216 101 27 91 21589 11 575416 57946 1.5 16 11 7 13 4% 8552 751571 38212 15%
c [ 39.87 216 63 27 91 21589 2 575416 57946 1.7 33 19 8 23 5% 8552 751571 38212 15%
c W 39.97 218 63 27 91 21589 2 575416 57946 1.7 33 19 8 23 5% 8552 751571 38212 15%
c - 40.32 203 65 27 92 21595 2 584324 58617 1.7 33 19 8 23 6% 8552 751548 38212 15%
c o 40.44 203 65 27 92 21596 2 588298 62081 1.7 33 19 8 23 6% 8554 751547 38212 15%
c - 40.60 206 64 27 93 21600 2 593917 58934 1.7 33 19 8 23 6% 8554 751542 38212 15%
c - 40.80 206 61 27 94 21603 2 603561 59937 1.7 32 19 8 23 5% 8554 751536 38212 15%
c - 41.03 211 61 27 95 21606 2 613256 60814 1.7 32 19 8 23 5% 8560 751522 38212 15%
c - 41.26 211 60 27 96 21610 2 623003 59908 1.7 31 19 8 23 5% 8560 751514 38212 15%
c - 41.51 213 60 27 97 21617 2 632801 59200 1.6 32 19 8 23 5% 8561 751503 38212 15%
c u 41.76 216 60 27 97 21618 2 637699 61539 1.6 32 19 8 23 5% 8562 751503 38212 15%
c v 41.83 216 60 27 97 21618 2 637699 60648 1.6 32 19 8 23 5% 8562 751503 38212 15%
c
c seconds    switched     rate          size/glue  tier1    binary          remaining
c         MB   reductions   conflicts         size   tier2     irredundant
c          level    restarts       redundant     glue   trail          variables
c
c w 41.88 216 60 27 97 21618 2 637699 60557 1.6 32 19 8 23 5% 8562 751503 38212 15%
c x 41.94 217 60 27 97 21618 2 637699 60557 1.6 32 19 8 23 5% 8562 751353 38212 15%
c I 42.05 217 60 27 97 21618 2 637966 60817 1.6 32 19 8 23 5% 8562 751353 38212 15%
c ] 42.10 218 60 28 97 21618 2 639103 61876 1.6 32 20 8 23 5% 8562 751353 38212 15%
c { 42.10 218 101 28 97 21618 11 639103 61876 1.5 16 11 7 13 4% 8562 751353 38212 15%
c - 42.31 203 100 28 98 21871 11 642649 57987 1.5 16 11 7 13 4% 8564 751344 38212 15%
c - 42.75 213 97 28 99 22353 10 652548 60450 1.5 16 11 7 13 4% 8565 751302 38212 15%
c - 43.35 196 98 28 100 22801 10 662497 63446 1.5 17 11 7 13 4% 8570 751243 38212 15%
c - 43.74 208 96 28 101 23294 10 672497 65312 1.5 17 11 7 13 4% 8570 751180 38212 15%
c - 44.22 214 96 28 102 23964 10 682547 66975 1.5 17 11 7 13 4% 8572 751126 38212 15%
c } 44.39 215 94 29 102 24194 10 687241 70444 1.5 17 11 7 13 4% 8572 751120 38212 15%
c [ 44.39 215 60 29 102 24194 2 687241 70444 1.6 32 20 8 23 5% 8572 751120 38212 15%
c - 44.58 216 60 29 103 24197 2 692647 68208 1.6 32 20 8 23 5% 8572 751117 38212 15%
c o 44.82 216 60 29 103 24202 2 701528 76159 1.7 32 19 8 23 5% 8572 751110 38212 15%
c - 44.90 218 61 29 104 24203 2 702796 70145 1.7 32 19 8 23 5% 8572 751106 38212 15%
c s 45.14 189 61 29 104 24203 2 704238 71283 1.7 32 19 8 23 5% 8572 750897 38212 15%
c e 45.24 213 61 29 104 24203 2 704238 71283 1.7 32 19 8 23 5% 8570 750915 38211 15%
c s 45.44 213 61 29 104 24203 2 704238 71283 1.7 32 19 8 23 5% 8570 750714 38211 15%
c B 45.56 215 61 29 104 24204 2 705648 72476 1.7 32 19 8 23 5% 8570 750707 38211 15%
c - 45.75 217 60 29 105 24207 2 712996 71568 1.7 32 19 8 23 5% 8570 750702 38211 15%
c
c seconds    switched      rate          size/glue  tier1    binary          remaining
c         MB   reductions    conflicts         size   tier2     irredundant
c          level     restarts       redundant     glue   trail          variables
c
c u 45.96 218 59 29 105 24208 2 716021 71024 1.7 32 19 8 23 5% 8574 750702 38211 15%
c v 46.05 219 59 29 105 24208 2 716021 69925 1.7 32 19 8 23 5% 8574 750702 38211 15%
c w 46.10 219 59 29 105 24208 2 716021 69734 1.7 32 19 8 23 5% 8574 750702 38211 15%
c x 46.17 220 59 29 105 24208 2 716021 69734 1.7 32 19 8 23 5% 8574 750518 38211 15%
c - 46.44 186 58 29 106 24209 2 723242 67969 1.7 32 19 8 23 5% 8574 750516 38211 15%
c - 46.68 187 57 29 107 24215 2 733537 67211 1.6 33 20 8 23 5% 8574 750516 38211 15%
c - 46.97 191 55 29 108 24221 2 743883 67044 1.6 33 20 8 23 5% 8574 750516 38211 15%
c - 47.23 191 53 29 109 24223 2 754276 67936 1.6 32 20 8 23 4% 8574 750512 38211 15%
c ] 47.40 192 52 30 109 24224 2 762282 74305 1.6 32 20 8 23 4% 8574 750512 38211 15%
c { 47.40 192 94 30 109 24224 10 762282 74305 1.5 17 11 7 13 4% 8574 750512 38211 15%
c - 47.57 208 94 30 110 24407 10 764717 67311 1.5 17 11 7 13 4% 8576 750502 38211 15%
c - 47.88 213 91 30 111 24638 9 775205 67523 1.5 17 11 7 13 4% 8576 750492 38211 15%
c - 48.28 216 88 30 112 25115 9 785740 67848 1.5 17 11 7 13 4% 8577 750465 38211 15%
c - 48.88 205 87 30 113 26001 9 796323 69491 1.5 17 11 7 13 4% 8577 750398 38211 15%
c u 49.14 209 87 30 113 26118 9 799318 69862 1.5 17 11 7 13 4% 8577 750388 38211 15%
c v 49.21 210 87 30 113 26118 9 799318 68711 1.5 17 11 7 13 4% 8577 750388 38211 15%
c w 49.26 210 87 30 113 26118 9 799318 68643 1.5 17 11 7 13 4% 8577 750388 38211 15%
c x 49.32 212 87 30 113 26118 9 799318 68643 1.5 17 11 7 13 4% 8577 750198 38211 15%
c - 49.83 217 87 30 114 26598 9 806953 67651 1.5 17 11 7 13 4% 8577 750169 38211 15%
c } 50.39 209 88 31 114 27222 9 816716 75647 1.5 17 11 7 13 4% 8580 750137 38211 15%
c
c seconds    switched      rate          size/glue  tier1    binary          remaining
c         MB   reductions    conflicts         size   tier2     irredundant
c          level     restarts       redundant     glue   trail          variables
c
c [ 50.39 209 52 31 114 27222 2 816716 75647 1.6 32 20 8 23 4% 8580 750137 38211 15%
c W 50.50 219 52 31 114 27222 2 816716 75647 1.6 32 20 8 23 4% 8580 750137 38211 15%
c - 50.54 192 52 31 115 27222 2 817630 69135 1.6 32 20 8 23 4% 8580 750137 38211 15%
c - 50.90 197 51 31 116 27228 2 828354 68880 1.6 33 21 8 23 4% 8580 750133 38211 15%
c - 51.40 197 50 31 117 27235 2 839125 66822 1.6 34 21 8 23 4% 8580 750128 38211 15%
c - 51.90 198 49 31 118 27236 2 849941 63485 1.6 35 22 8 23 4% 8580 750127 38211 15%
c - 52.33 199 48 31 119 27243 2 860805 63680 1.6 35 22 8 23 4% 8580 750125 38211 15%
c ] 52.48 200 48 32 119 27245 2 865016 67310 1.6 35 22 8 23 4% 8580 750125 38211 15%
c { 52.48 200 88 32 119 27245 9 865016 67310 1.5 17 11 7 13 4% 8580 750125 38211 15%
c o 52.50 201 88 32 119 27246 9 865072 67362 1.5 17 11 7 13 4% 8580 750125 38211 15%
c - 52.77 212 86 32 120 27772 9 871714 65778 1.5 17 11 7 13 4% 8581 750102 38211 15%
c - 53.24 217 86 32 121 28548 9 882668 66704 1.5 17 12 7 13 4% 8581 750063 38211 15%
c u 53.66 205 86 32 121 28817 9 887653 68399 1.5 17 12 7 13 4% 8581 750041 38211 15%
c v 53.76 206 86 32 121 28817 9 887653 66265 1.5 17 12 7 13 4% 8581 750041 38211 15%
c w 53.81 207 86 32 121 28817 9 887653 66169 1.5 17 12 7 13 4% 8581 750041 38211 15%
c x 53.92 214 86 32 121 28817 9 887653 66103 1.5 17 12 7 13 4% 8584 749687 38211 15%
c - 54.40 203 86 32 122 29152 9 893669 63348 1.5 17 12 7 13 4% 8586 749674 38211 15%
c - 54.91 214 86 32 123 29640 9 904714 65472 1.5 17 12 7 13 4% 8586 749638 38211 15%
c s 55.24 215 86 32 123 29766 9 906218 66706 1.5 17 12 7 13 4% 8588 749297 38211 15%
c e 55.34 224 86 32 123 29766 9 906218 66706 1.5 17 12 7 13 4% 8588 749329 38209 15%
c
c seconds    switched      rate          size/glue  tier1    binary          remaining
c         MB   reductions    conflicts         size   tier2     irredundant
c          level     restarts       redundant     glue   trail          variables
c
c s 55.59 224 86 32 123 29766 9 906218 66706 1.5 17 12 7 13 4% 8588 749127 38209 15%
c - 56.18 212 86 32 124 30325 9 915804 66727 1.5 17 12 7 13 4% 8589 749122 38209 15%
c } 56.66 216 85 33 124 30980 8 926120 74648 1.5 17 12 7 13 4% 8589 749112 38209 15%
c [ 56.66 216 48 33 124 30980 2 926120 74648 1.6 35 22 8 23 4% 8589 749112 38209 15%
c O 56.66 216 48 33 124 30980 2 926120 74648 1.6 35 22 8 23 4% 8589 749112 38209 15%
c - 56.74 217 55 33 125 30980 2 926941 68332 1.6 35 22 8 23 4% 8589 749112 38209 15%
c - 57.11 195 60 33 126 30986 2 938121 69721 1.6 34 22 8 23 5% 8589 749110 38209 15%
c - 57.40 200 60 33 127 30993 2 949345 71288 1.6 33 21 8 23 5% 8590 749110 38209 15%
c - 57.61 202 59 33 128 30994 2 960615 72424 1.6 33 21 8 23 5% 8590 749110 38209 15%
c - 57.79 203 56 33 129 31001 2 971928 72263 1.6 33 21 8 23 4% 8590 749110 38209 15%
c u 58.17 205 54 33 129 31006 2 981082 78092 1.6 33 21 8 23 4% 8590 749110 38209 15%
c v 58.25 207 54 33 129 31006 2 981082 76956 1.6 33 21 8 23 4% 8590 749110 38209 15%
c w 58.30 208 54 33 129 31006 2 981082 76917 1.6 33 21 8 23 4% 8590 749110 38209 15%
c x 58.39 210 54 33 129 31006 2 981082 76866 1.6 33 21 8 23 4% 8590 748489 38209 15%
c - 58.64 212 56 33 130 31007 2 983286 69422 1.6 33 21 8 23 4% 8596 748488 38209 15%
c - 59.13 217 66 33 131 31009 2 994688 68291 1.6 35 22 8 23 5% 8596 748485 38209 15%
c - 59.57 217 68 33 132 31010 2 1006134 66528 1.6 36 23 8 23 5% 8596 748484 38209 15%
c ] 59.59 217 68 34 132 31010 2 1006999 67266 1.6 36 23 8 23 5% 8596 748484 38209 15%
c { 59.60 217 85 34 132 31010 8 1006999 67266 1.5 17 12 7 13 4% 8596 748484 38209 15%
c o 59.65 218 84 34 132 31036 8 1008648 68466 1.5 17 12 7 13 4% 8596 748483 38209 15%
c
c seconds    switched      rate           size/glue  tier1    binary          remaining
c         MB   reductions     conflicts         size   tier2     irredundant
c          level     restarts        redundant     glue   trail          variables
c
c } 59.99 211 84 34 132 31101 8 1015539 73533 1.5 17 12 7 13 4% 8596 748480 38209 15%
c ? 59.99 211 84 34 132 31101 8 1015539 73533 1.5 17 12 7 13 4% 8596 748480 38209 15%
c
c ---- [ result ] ------------------------------------------------------------
c
s UNKNOWN
c
c ---- [ profiling ] ---------------------------------------------------------
c
c          40.66   67.77 %  search
c          21.90   36.50 %  focused
c          18.80   31.34 %  simplify
c          18.76   31.27 %  stable
c          11.88   19.80 %  probe
c           6.72   11.20 %  eliminate
c           5.32    8.86 %  vivify
c           2.57    4.28 %  subsume
c           2.10    3.51 %  substitute
c           1.62    2.70 %  factor
c           1.42    2.37 %  congruence
c           1.34    2.23 %  reduce
c           0.90    1.49 %  sweep
c           0.57    0.95 %  walking
c           0.39    0.65 %  preprocess
c           0.32    0.53 %  transitive
c           0.20    0.34 %  backbone
c           0.09    0.15 %  parse
c           0.05    0.08 %  lucky
c =============================================
c          59.99  100.00 %  total
c
c ---- [ statistics ] --------------------------------------------------------
c
c backbone_computations:                   53            19161    interval
c backbone_ticks:                    15745772 
c chronological:                         6096                1 %  conflicts
c clauses_added:                      3690521              100 %  added
c clauses_binary:                        8596                0 %  added
c clauses_irredundant:                 748480               20 %  added
c clauses_learned:                     932991               92 %  conflicts
c clauses_original:                    937890               25 %  added
c clauses_redundant:                    73533 
c clauses_used:                       3783146              405 %  learned
c clauses_used_focused:                697101               18 %  used
c clauses_used_stable:                3086045               82 %  used
c closures:                                 9           112838    interval
c conflicts:                          1015539            16927.63 per second
c congruent:                            24098                9 %  variables
c congruent_gates:                    1376908           152989.78 per closure
c congruent_gates_ands:                270797               20 %  gates
c congruent_gates_ites:                326509               24 %  gates
c congruent_gates_xors:                779602               57 %  gates
c congruent_matched:                    64575              268 %  congruent
c congruent_matched_ands:                   0                0 %  matched
c congruent_matched_ites:                   0                0 %  matched
c congruent_matched_xors:               64575              100 %  matched
c decisions:                          4968154                4.89 per conflict
c eliminated:                          194204               76 %  variables
c eliminate_resolutions:             30146401           502498.93 per second
c eliminations:                            10           101554    interval
c factored:                                24                0 %  variables
c factorizations:                          22            46161    interval
c factor_ticks:                     101983852 
c fast_eliminated:                          0                0 %  eliminated
c fast_strengthened:                        0                0 %  per strengthened
c fast_subsumed:                            0                0 %  per subsumed
c forward_checks:                   428463521 
c forward_steps:                    565225856                1.32 per check
c iterations:                               0                0 %  variables
c kitten_propagations:               36837750               30.42 per solved
c kitten_solved:                      1211029 
c kitten_ticks:                     142290644                3.86 per prop
c literals_factor:                     771836                3.01 per variable
c probings:                                23            44154    interval
c probing_ticks:                    397496525 
c propagations:                     351727034          5862805    per second
c random_sequences:                       322             3154    interval
c reductions:                             132             7693    interval
c reordered:                               14            72538    interval
c rephased:                                24            42314    interval
c restarts:                             31101               33    interval
c retiered:                                29            35019    interval
c searches:                                 1          1015539    interval
c search_ticks:                    3134596070 
c strengthened:                         92282                0 %  checks
c substituted:                          24100                9 %  variables
c substitute_ticks:                  38636708 
c subsumed:                             30492                0 %  checks
c subsumption_checks:               428463521 
c sweep:                                    6           169256    interval
c sweep_completed:                          0                0.00 sweeps
c sweep_equivalences:                       0                0 %  variables
c sweep_solved:                         60247                5 %  kitten_solved
c sweep_units:                              0                0 %  variables
c switched:                                34            29869    interval
c transitive_ticks:                  50681621 
c units:                                  300                0 %  variables
c variables_activated:                 256813                1.00 per variable
c variables_eliminate:                 571804                2.23 variables
c variables_extension:                     24                0.00 per variable
c variables_factor:                         0                0.00 per variable
c variables_original:                  256789                1.00 per variable
c variables_subsume:                   438903                1.71 per variable
c vivifications:                           26            39059    interval
c vivified:                             92622               30 %  checks
c vivify_checks:                       311928            11997    per vivify
c vivify_probes:                      2656340                8.52 per check
c vivify_reused:                      1099752               41 %  probes
c walks:                                    8           126942    interval
c walk_steps:                        60090739 
c warming_decisions:                     9597             1199.62 per walk
c warming_propagations:                615820                0 %  propagations
c warmups:                                  8              100 %  walks
c
c ---- [ glue usage ] --------------------------------------------------------
c
c focused glue 7    used  68439 clauses  9.82% accumulated 56.15% tier1
c focused glue 8    used  66300 clauses  9.51% accumulated 65.66%
c focused glue 9-11 used 132658 clauses 19.03% accumulated 84.69%
c focused glue 12   used  25870 clauses  3.71% accumulated 88.40%
c focused glue 13   used  19371 clauses  2.78% accumulated 91.18% tier2
c
c stable glue 8     used 169976 clauses  5.51% accumulated 53.12% tier1
c stable glue 9     used 162442 clauses  5.26% accumulated 58.39%
c stable glue 10-21 used 903559 clauses 29.28% accumulated 87.67%
c stable glue 22    used  41281 clauses  1.34% accumulated 89.00%
c stable glue 23    used  37279 clauses  1.21% accumulated 90.21% tier2
c
c ---- [ resources ] ---------------------------------------------------------
c
c maximum-resident-set-size:        243539968 bytes        232 MB
c process-time:                             1m              59.99 seconds
c
c ---- [ shutting down ] -----------------------------------------------------
c
c exit 0
