c ---- [ banner ] ------------------------------------------------------------
c
c Kissat SAT Solver
c 
c Copyright (c) 2021-2024 Armin Biere University of Freiburg
c Copyright (c) 2019-2021 Armin Biere Johannes Kepler University Linz
c 
c Version 4.0.4 unknown
c gcc (Ubuntu 15.2.0-16ubuntu1) 15.2.0 -W -Wall -O3 -DNDEBUG
c Sat Sep 5 21:05:05 EDT 2026 Linux server7 7.0.0-29-generic x86_64
c
c ---- [ parsing ] -----------------------------------------------------------
c
c opened and reading DIMACS file:
c
c   /home/mjbommar/p4dfa-cnf/string1x16.4._bit8_na6_nr3_paired.cnf
c
c parsed 'p cnf 108802 398971' header
c closing input after reading 7774056 bytes (7 MB)
c finished parsing after 0.04 seconds
c
c ---- [ options ] -----------------------------------------------------------
c
c --statistics=true                (different from default 'false')
c
c ---- [ solving ] -----------------------------------------------------------
c
c seconds switched rate     size/glue tier1  binary            remaining
c        MB reductions conflicts size  tier2     irredundant
c         level restarts redundant glue  trail           variables
c
c *  0.04 29 0 0 0  0 0   0   0 0.0 0 0 0 0 0% 92138 306743 108502 100%
c (  0.04 30 0 0 0  0 0   0   0 0.0 0 0 0 0 0% 92138 306743 108502 100%
c .  0.05 31 0 0 0  0 0   0   0 0.0 0 0 0 0 0% 93500 303305 108502 100%
c c  0.16 59 0 0 0  0 0   0   0 0.0 0 0 0 0 0% 93548 303209 103590 95%
c d  0.17 59 0 0 0  0 0   0   0 0.0 0 0 0 0 0% 83772 303113 103590 95%
c )  0.21 61 0 0 0  0 0   0   0 0.0 0 0 0 0 0% 83676 303113 103590 95%
c {  0.22 63 0 0 0  0 0   0   0 0.0 0 0 2 6 0% 83676 303113 103590 95%
c -  0.30 64 245 0 1 227 31 1001 750 1.6 9 6 4 11 9% 83713 303112 103590 95%
c }  0.30 64 245 1 1 227 31 1001 750 1.6 9 6 4 11 9% 83713 303112 103590 95%
c [  0.30 64 0 1 1 227 0 1001 750 0.0 0 0 2 6 0% 83713 303112 103590 95%
c B  0.30 64 0 1 1 227 0 1001 750 0.0 0 0 2 6 0% 83713 303112 103590 95%
c -  0.37 64 451 1 2 227 6 2003 1540 2.1 16 8 3 13 31% 83736 303112 103590 95%
c W  0.40 64 451 1 2 227 6 2003 1540 2.1 16 8 3 13 31% 83736 303112 103590 95%
c ]  0.42 64 358 2 2 228 6 2375 1863 2.0 17 8 3 13 26% 83736 303112 103590 95%
c {  0.42 64 245 2 2 228 31 2375 1863 1.6 9 6 4 11 9% 83736 303112 103590 95%
c u  0.56 72 211 2 2 242 26 2657 1904 1.6 9 5 4 10 8% 83750 303112 103590 95%
c v  0.57 72 211 2 2 242 26 2657 1699 1.6 9 5 4 10 8% 83750 303112 103590 95%
c w  0.58 72 211 2 2 242 26 2657 1663 1.6 9 5 4 10 8% 83750 303112 103590 95%
c x  0.59 73 211 2 2 242 26 2657 1663 1.6 9 5 4 10 8% 83760 303074 103590 95%
c t  0.61 73 211 2 2 242 26 2657 1663 1.6 9 5 4 10 8% 83759 303074 103590 95%
c
c seconds   switched   rate       size/glue tier1    binary            remaining
c        MB  reductions conflicts      size  tier2       irredundant
c          level restarts    redundant   glue    trail           variables
c
c }  0.66 74 176 3 2 262 20 3375 2292 1.8 9 5 4 10 10% 83808 303073 103590 95%
c [  0.66 74 358 3 2 262 6 3375 2292 2.0 17 8 3 13 26% 83808 303073 103590 95%
c -  0.67 74 353 3 3 262 6 3417 2131 2.0 16 8 4 12 25% 83808 303073 103590 95%
c I  0.71 74 302 3 3 262 4 4264 2936 2.1 19 9 4 12 19% 83810 303073 103590 95%
c ]  0.73 74 299 4 3 263 5 4521 3179 2.1 19 9 4 12 19% 83813 303073 103590 95%
c {  0.73 74 176 4 3 263 20 4521 3179 1.8 9 5 4 10 10% 83813 303073 103590 95%
c -  0.79 74 173 4 4 350 20 5149 3264 1.8 9 5 3 9 10% 83841 303073 103590 95%
c }  0.96 75 175 5 4 548 21 6874 4820 1.8 10 5 3 9 13% 83887 303073 103590 95%
c [  0.96 75 299 5 4 548 5 6874 4820 2.1 19 9 4 12 19% 83887 303073 103590 95%
c -  0.99 75 286 5 5 548 5 7149 4496 2.1 18 9 3 13 19% 83890 303073 103590 95%
c B  1.04 75 246 5 5 549 5 8035 5345 2.1 19 9 3 13 19% 83897 303073 103590 95%
c d  1.07 75 245 5 5 549 5 8181 5486 2.0 19 9 3 13 18% 83889 303069 103586 95%
c u  1.11 75 245 5 5 549 5 8181 4455 2.0 19 9 3 13 18% 83888 303069 103586 95%
c v  1.13 75 245 5 5 549 5 8181 4188 2.0 19 9 3 13 18% 83888 303069 103586 95%
c w  1.14 75 245 5 5 549 5 8181 4164 2.0 19 9 3 13 18% 83888 303069 103586 95%
c t  1.24 75 245 5 5 549 5 8181 4164 2.0 19 9 3 13 18% 83874 303069 103586 95%
c c  1.35 75 245 5 5 549 5 8181 4164 2.0 19 9 3 13 18% 83882 303049 103581 95%
c d  1.36 75 245 5 5 549 5 8181 4164 2.0 19 9 3 13 18% 83872 303049 103581 95%
c u  1.39 75 245 5 5 549 5 8181 3704 2.0 19 9 3 13 18% 83886 303049 103581 95%
c v  1.40 75 245 5 5 549 5 8181 3628 2.0 19 9 3 13 18% 83886 303049 103581 95%
c
c seconds   switched  rate       size/glue tier1     binary            remaining
c        MB  reductions conflicts      size  tier2       irredundant
c          level restarts   redundant    glue    trail           variables
c
c w  1.42 75 245 5 5 549 5 8181 3620 2.0 19 9 3 13 18% 83886 303049 103581 95%
c x  1.43 75 245 5 5 549 5 8181 3620 2.0 19 9 3 13 18% 83890 302934 103581 95%
c -  1.53 75 229 5 6 550 4 9385 3954 2.0 19 10 4 15 19% 83894 302934 103581 95%
c ]  1.60 75 200 6 6 550 4 10899 5423 1.9 21 11 4 15 17% 83900 302934 103581 95%
c {  1.60 75 175 6 6 550 21 10899 5423 1.8 10 5 3 9 13% 83900 302934 103581 95%
c o  1.61 75 175 6 6 551 21 10911 5434 1.8 10 5 3 9 13% 83900 302934 103581 95%
c -  1.70 75 167 6 7 656 22 11834 5117 1.8 10 5 3 9 12% 83919 302934 103581 95%
c s  1.86 75 159 6 7 819 21 13276 6433 1.8 10 5 3 9 12% 83942 302915 103581 95%
c e  2.32 130 159 6 7 819 21 13276 6433 1.8 10 5 3 9 12% 14045 263885 34235 31%
c s  2.36 130 159 6 7 819 21 13276 6433 1.8 10 5 3 9 12% 14046 263747 34235 31%
c e  2.38 104 159 6 7 819 21 13276 6433 1.8 10 5 3 9 12% 14045 263748 34234 31%
c ^  2.38 104 159 6 7 819 21 13276 6433 1.8 10 5 3 9 12% 14045 263748 34234 31%
c -  2.47 104 144 6 8 1223 22 14480 1572 1.7 11 6 4 11 11% 14051 263748 34234 31%
c }  2.51 104 140 7 8 1365 22 14970 2045 1.6 11 7 4 11 10% 14053 263748 34234 31%
c [  2.51 104 200 7 8 1365 4 14970 2045 1.9 21 11 4 15 17% 14053 263748 34234 31%
c W  2.53 91 200 7 8 1365 4 14970 2045 1.9 21 11 4 15 17% 14053 263748 34234 31%
c u  2.60 91 167 7 8 1366 4 16758 3366 1.7 23 13 4 15 15% 14058 263747 34234 31%
c v  2.62 91 167 7 8 1366 4 16758 2651 1.7 23 13 4 15 15% 14058 263747 34234 31%
c w  2.65 91 167 7 8 1366 4 16758 2314 1.7 23 13 4 15 15% 14058 263747 34234 31%
c t  2.67 91 167 7 8 1366 4 16758 2314 1.7 23 13 4 15 15% 14043 263747 34234 31%
c
c seconds   switched   rate        size/glue  tier1     binary           remaining
c        MB  reductions  conflicts       size   tier2       irredundant
c          level  restarts    redundant     glue    trail           variables
c
c f  2.73 89 167 7 8 1366 4 16758 2314 1.7 23 13 4 15 15% 14013 263327 34273 32%
c u  2.76 89 167 7 8 1366 4 16758 2305 1.7 23 13 4 15 15% 14013 263327 34273 32%
c v  2.77 89 167 7 8 1366 4 16758 2229 1.7 23 13 4 15 15% 14013 263327 34273 32%
c w  2.80 89 167 7 8 1366 4 16758 1968 1.7 23 13 4 15 15% 14013 263327 34273 32%
c -  2.92 89 160 7 9 1367 4 17308 2027 1.7 24 14 7 25 15% 14014 263326 34273 32%
c -  2.98 89 129 7 10 1369 3 20308 3789 1.7 30 18 9 32 13% 14018 263326 34273 32%
c O  3.07 89 118 7 10 1370 3 22498 5802 1.6 31 19 9 32 12% 14019 263326 34273 32%
c o  3.07 89 118 7 10 1370 3 22498 5802 1.6 31 19 9 32 12% 14019 263326 34273 32%
c -  3.10 89 124 7 11 1371 3 23471 5161 1.6 31 19 9 32 13% 14019 263326 34273 32%
c s  3.16 89 113 7 11 1371 3 26220 7415 1.6 30 18 9 32 12% 14022 262989 34273 32%
c e  3.27 89 113 7 11 1371 3 26220 7415 1.6 30 18 9 32 12% 13600 263615 34003 31%
c s  3.29 89 113 7 11 1371 3 26220 7415 1.6 30 18 9 32 12% 13600 263529 34003 31%
c ^  3.30 89 113 7 11 1371 3 26220 7415 1.6 30 18 9 32 12% 13600 263529 34003 31%
c -  3.31 89 110 7 12 1371 3 26787 5652 1.6 29 18 9 30 12% 13602 263529 34003 31%
c c  3.40 89 107 7 12 1372 3 28277 6976 1.6 28 18 9 30 11% 21339 247997 30121 28%
c d  3.41 89 107 7 12 1372 3 28277 6974 1.6 28 18 9 30 11% 13575 247997 30121 28%
c u  3.42 89 107 7 12 1372 3 28277 6688 1.6 28 18 9 30 11% 13577 247997 30121 28%
c v  3.44 89 107 7 12 1372 3 28277 6462 1.6 28 18 9 30 11% 13577 247997 30121 28%
c w  3.45 89 107 7 12 1372 3 28277 6459 1.6 28 18 9 30 11% 13577 247997 30121 28%
c x  3.46 89 107 7 12 1372 3 28277 6459 1.6 28 18 9 30 11% 13577 247542 30121 28%
c
c seconds   switched    rate        size/glue  tier1     binary           remaining
c        MB   reductions  conflicts       size   tier2       irredundant
c          level   restarts    redundant     glue    trail           variables
c
c u  3.52 89 107 7 12 1372 3 28277 6430 1.6 28 18 9 30 11% 13577 247542 30121 28%
c v  3.53 89 107 7 12 1372 3 28277 5710 1.6 28 18 9 30 11% 13577 247542 30121 28%
c w  3.55 89 107 7 12 1372 3 28277 5657 1.6 28 18 9 30 11% 13577 247542 30121 28%
c -  3.61 89 102 7 13 1374 3 30251 5731 1.6 28 17 8 28 11% 13582 247542 30121 28%
c B  3.64 89 98 7 13 1375 2 32259 7439 1.6 27 17 8 28 10% 13585 247542 30121 28%
c ]  3.65 89 99 8 13 1375 2 33019 8157 1.6 27 17 8 28 11% 13586 247542 30121 28%
c {  3.65 89 140 8 13 1375 22 33019 8157 1.6 11 7 4 11 10% 13586 247542 30121 28%
c -  3.69 89 134 8 14 1583 22 33856 7383 1.6 11 7 4 11 10% 13588 247541 30121 28%
c -  3.82 89 117 8 15 2479 22 37597 8688 1.5 12 8 5 11 8% 13613 247536 30121 28%
c }  3.87 89 113 9 15 2832 21 39178 9972 1.5 12 8 5 11 8% 13621 247535 30121 28%
c [  3.87 89 99 9 15 2832 2 39178 9972 1.6 27 17 8 28 11% 13621 247535 30121 28%
c -  3.93 89 100 9 16 2834 3 41471 9602 1.6 28 17 8 27 11% 13622 247535 30121 28%
c c  4.02 89 99 9 16 2834 3 43051 11103 1.6 28 17 8 27 11% 13623 247535 30120 28%
c d  4.03 89 99 9 16 2834 3 43051 11103 1.6 28 17 8 27 11% 13621 247535 30120 28%
c u  4.05 89 99 9 16 2834 3 43051 10875 1.6 28 17 8 27 11% 13620 247535 30120 28%
c v  4.06 89 99 9 16 2834 3 43051 10545 1.6 28 17 8 27 11% 13620 247535 30120 28%
c w  4.07 89 99 9 16 2834 3 43051 10540 1.6 28 17 8 27 11% 13620 247535 30120 28%
c x  4.09 89 99 9 16 2834 3 43051 10540 1.6 28 17 8 27 11% 13620 246831 30120 28%
c u  4.14 89 99 9 16 2834 3 43051 10316 1.6 28 17 8 27 11% 13620 246831 30120 28%
c v  4.16 89 99 9 16 2834 3 43051 9970 1.6 28 17 8 27 11% 13620 246831 30120 28%
c
c seconds  switched    rate        size/glue  tier1     binary           remaining
c        MB  reductions  conflicts       size   tier2       irredundant
c         level   restarts    redundant     glue    trail           variables
c
c w  4.17 89 99 9 16 2834 3 43051 9969 1.6 28 17 8 27 11% 13620 246831 30120 28%
c x  4.18 89 99 9 16 2834 3 43051 9969 1.6 28 17 8 27 11% 13620 246074 30120 28%
c o  4.27 89 99 9 16 2834 3 43051 9969 1.6 28 17 8 27 11% 13620 246074 30120 28%
c W  4.34 89 99 9 16 2835 3 44482 11221 1.6 28 17 8 27 11% 13625 246073 30120 28%
c -  4.36 89 97 9 17 2836 3 45471 9511 1.6 28 17 8 27 10% 13626 246073 30120 28%
c ]  4.42 89 93 10 17 2838 3 48615 12226 1.6 28 17 8 27 10% 13643 246073 30120 28%
c {  4.42 89 113 10 17 2838 21 48615 12226 1.5 12 8 5 11 8% 13643 246073 30120 28%
c -  4.45 89 112 10 18 3043 21 49596 10408 1.5 12 8 5 11 8% 13659 246070 30120 28%
c -  4.59 99 106 10 19 3748 20 53838 11892 1.4 12 8 6 11 7% 13701 246061 30120 28%
c s  4.64 100 106 10 19 3802 20 54275 12257 1.4 12 8 6 11 7% 13704 245987 30120 28%
c e  4.79 104 106 10 19 3802 20 54275 12257 1.4 12 8 6 11 7% 5961 259470 26237 24%
c s  4.82 104 106 10 19 3802 20 54275 12257 1.4 12 8 6 11 7% 5961 258039 26237 24%
c ^  4.84 104 106 10 19 3802 20 54275 12257 1.4 12 8 6 11 7% 5961 258039 26237 24%
c }  4.91 105 103 11 19 4203 18 57243 12764 1.4 12 9 6 11 6% 5985 258039 26237 24%
c [  4.91 105 93 11 19 4203 3 57243 12764 1.6 28 17 8 27 10% 5985 258039 26237 24%
c -  4.94 105 93 11 20 4203 3 58196 11516 1.6 28 18 8 27 10% 5985 258039 26237 24%
c I  4.96 105 91 11 20 4204 3 59387 12601 1.6 28 18 8 27 10% 5991 258039 26237 24%
c u  5.03 99 89 11 20 4205 3 61222 13950 1.6 28 18 8 27 10% 5991 258039 26237 24%
c v  5.05 100 89 11 20 4205 3 61222 13631 1.6 28 18 8 27 10% 5991 258039 26237 24%
c w  5.06 100 89 11 20 4205 3 61222 13604 1.6 28 18 8 27 10% 5991 258039 26237 24%
c
c seconds    switched    rate         size/glue  tier1     binary          remaining
c         MB   reductions  conflicts        size   tier2      irredundant
c          level    restarts     redundant     glue    trail          variables
c
c x  5.07 101 89 11 20 4205 3 61222 13604 1.6 28 18 8 27 10% 5991 257815 26237 24%
c -  5.16 102 88 11 21 4206 3 62669 12605 1.6 28 18 9 27 10% 5991 257815 26237 24%
c -  5.28 102 82 11 22 4209 2 67253 13670 1.6 29 19 9 28 9% 5991 257815 26237 24%
c ]  5.28 102 82 12 22 4209 2 67360 13768 1.6 29 19 9 28 9% 5991 257815 26237 24%
c {  5.28 102 103 12 22 4209 18 67360 13768 1.4 12 9 6 11 6% 5991 257815 26237 24%
c -  5.42 104 101 12 23 4748 17 71944 14615 1.4 12 9 6 12 6% 6027 257814 26237 24%
c o  5.46 104 100 12 23 4856 17 73091 15587 1.4 12 9 6 12 6% 6039 257814 26237 24%
c -  5.60 101 99 12 24 5427 17 76739 15901 1.4 13 9 6 12 6% 6073 257813 26237 24%
c }  5.68 103 101 13 24 5658 17 78839 17597 1.4 13 9 6 12 6% 6100 257813 26237 24%
c [  5.68 103 82 13 24 5658 2 78839 17597 1.6 29 19 9 28 9% 6100 257813 26237 24%
c B  5.68 103 82 13 24 5658 2 78839 17597 1.6 29 19 9 28 9% 6100 257813 26237 24%
c -  5.73 104 79 13 25 5660 2 81637 17135 1.5 29 19 9 27 9% 6104 257813 26237 24%
c c  5.80 88 78 13 25 5660 2 82948 18261 1.5 29 19 9 27 9% 7305 255399 25633 24%
c d  5.81 88 78 13 25 5660 2 82948 18261 1.5 29 19 9 27 9% 6097 255399 25633 24%
c u  5.84 88 78 13 25 5660 2 82948 17306 1.5 29 19 9 27 9% 6097 255399 25633 24%
c v  5.86 88 78 13 25 5660 2 82948 16655 1.5 29 19 9 27 9% 6097 255399 25633 24%
c w  5.87 88 78 13 25 5660 2 82948 16619 1.5 29 19 9 27 9% 6097 255399 25633 24%
c x  5.90 88 78 13 25 5660 2 82948 16615 1.5 29 19 9 27 9% 6097 255155 25633 24%
c u  5.96 88 78 13 25 5660 2 82948 16398 1.5 29 19 9 27 9% 6097 255155 25633 24%
c v  5.99 88 78 13 25 5660 2 82948 15833 1.5 29 19 9 27 9% 6097 255155 25633 24%
c
c seconds   switched    rate         size/glue  tier1    binary          remaining
c        MB   reductions  conflicts        size   tier2     irredundant
c         level    restarts     redundant     glue   trail          variables
c
c w  6.00 88 78 13 25 5660 2 82948 15809 1.5 29 19 9 27 9% 6097 255155 25633 24%
c x  6.02 88 78 13 25 5660 2 82948 15805 1.5 29 19 9 27 9% 6097 254718 25633 24%
c -  6.13 88 78 13 26 5663 2 86638 16422 1.5 28 18 9 27 9% 6102 254718 25633 24%
c -  6.22 88 74 13 27 5664 2 91737 18111 1.6 28 18 9 26 8% 6104 254718 25633 24%
c -  6.31 88 71 13 28 5668 2 96933 19158 1.6 28 18 9 25 8% 6109 254718 25633 24%
c s  6.41 88 71 13 28 5670 2 99321 21339 1.6 29 18 9 25 8% 6111 254557 25633 24%
c e  6.54 107 71 13 28 5670 2 99321 21339 1.6 29 18 9 25 8% 4581 260108 24157 22%
c s  6.58 107 71 13 28 5670 2 99321 21339 1.6 29 18 9 25 8% 4604 259815 24157 22%
c ^  6.59 107 71 13 28 5670 2 99321 21339 1.6 29 18 9 25 8% 4604 259815 24157 22%
c ]  6.61 96 71 14 28 5670 2 99428 18080 1.6 29 18 9 25 8% 4604 259815 24157 22%
c {  6.61 96 101 14 28 5670 17 99428 18080 1.4 13 9 6 12 6% 4604 259815 24157 22%
c -  6.69 102 99 14 29 6054 17 102225 17197 1.4 13 9 6 12 6% 4604 259815 24157 22%
c -  6.87 104 99 14 30 6869 17 107612 18661 1.4 13 9 6 12 6% 4607 259809 24157 22%
c u  6.95 88 100 14 30 6954 17 108316 18538 1.4 13 9 6 12 6% 4611 259809 24157 22%
c v  6.97 88 100 14 30 6954 17 108316 18056 1.4 13 9 6 12 6% 4611 259809 24157 22%
c w  6.98 88 100 14 30 6954 17 108316 17998 1.4 13 9 6 12 6% 4611 259809 24157 22%
c x  7.00 88 100 14 30 6954 17 108316 17997 1.4 13 9 6 12 6% 4611 259398 24157 22%
c -  7.22 105 100 14 31 7656 16 113089 19345 1.4 13 9 6 12 6% 4617 259395 24157 22%
c o  7.23 105 100 14 31 7658 16 113099 19355 1.4 13 9 6 12 6% 4617 259395 24157 22%
c }  7.26 99 99 15 31 7737 16 114144 20121 1.4 13 9 6 12 6% 4617 259395 24157 22%
c
c seconds   switched    rate          size/glue  tier1    binary          remaining
c        MB   reductions  conflicts         size   tier2     irredundant
c         level    restarts      redundant     glue   trail          variables
c
c [  7.26 99 71 15 31 7737 2 114144 20121 1.6 29 18 9 25 8% 4617 259395 24157 22%
c W  7.29 88 71 15 31 7737 2 114144 20121 1.6 29 18 9 25 8% 4617 259395 24157 22%
c -  7.36 88 70 15 32 7739 2 118656 20223 1.6 29 19 9 26 7% 4617 259395 24157 22%
c -  7.45 105 68 15 33 7743 2 124313 20059 1.5 30 20 9 27 7% 4617 259395 24157 22%
c -  7.58 105 68 15 34 7746 2 130057 19908 1.5 32 21 9 28 7% 4617 259395 24157 22%
c -  7.77 105 67 15 35 7749 2 135887 19473 1.5 34 23 9 29 7% 4617 259395 24157 22%
c ]  7.82 105 67 16 35 7750 2 137214 20718 1.5 35 23 9 29 7% 4617 259395 24157 22%
c {  7.82 105 99 16 35 7750 16 137214 20718 1.4 13 9 6 12 6% 4617 259395 24157 22%
c u  7.87 106 99 16 35 7782 16 137445 19126 1.4 13 9 6 12 6% 4617 259395 24157 22%
c v  7.89 106 99 16 35 7782 16 137445 18274 1.4 13 9 6 12 6% 4617 259395 24157 22%
c w  7.91 106 99 16 35 7782 16 137445 18273 1.4 13 9 6 12 6% 4617 259395 24157 22%
c x  7.93 107 99 16 35 7782 16 137445 18273 1.4 13 9 6 12 6% 4617 259340 24157 22%
c -  8.20 103 100 16 36 8175 16 141803 18867 1.4 13 9 6 12 6% 4620 259339 24157 22%
c -  8.35 105 98 16 37 8684 15 147803 21523 1.4 13 10 6 12 6% 4621 259337 24157 22%
c -  8.52 105 98 16 38 9283 15 153885 23466 1.4 13 10 6 12 6% 4621 259331 24157 22%
c }  8.56 106 99 17 38 9461 15 155552 24831 1.4 14 10 6 12 6% 4621 259329 24157 22%
c [  8.56 106 67 17 38 9461 2 155552 24831 1.5 35 23 9 29 7% 4621 259329 24157 22%
c O  8.56 106 67 17 38 9461 2 155552 24831 1.5 35 23 9 29 7% 4621 259329 24157 22%
c -  8.67 101 74 17 39 9464 2 160049 25262 1.5 34 23 9 29 8% 4628 259329 24157 22%
c s  8.81 102 77 17 39 9466 2 163337 28308 1.5 34 22 9 29 8% 4634 258881 24157 22%
c
c seconds    switched    rate          size/glue  tier1    binary          remaining
c         MB   reductions  conflicts         size   tier2     irredundant
c          level    restarts      redundant     glue   trail          variables
c
c e  8.96 106 77 17 39 9466 2 163337 28308 1.5 34 22 9 29 8% 4564 267397 22730 21%
c 2  8.96 106 77 17 39 9466 2 163337 28308 1.5 34 22 9 29 8% 4558 267397 22730 21%
c s  9.02 106 77 17 39 9466 2 163337 28308 1.5 34 22 9 29 8% 4564 265231 22730 21%
c e  9.05 106 77 17 39 9466 2 163337 28308 1.5 34 22 9 29 8% 4562 265238 22728 21%
c ^  9.05 106 77 17 39 9466 2 163337 28308 1.5 34 22 9 29 8% 4562 265238 22728 21%
c o  9.06 106 77 17 39 9466 2 163337 24542 1.5 34 22 9 29 8% 4562 265238 22728 21%
c -  9.14 106 79 17 40 9467 2 166295 23452 1.5 34 22 9 29 9% 4563 265238 22728 21%
c u  9.24 106 76 17 40 9469 2 170417 26405 1.5 33 22 9 29 8% 4563 265238 22728 21%
c v  9.27 107 76 17 40 9469 2 170417 25946 1.5 33 22 9 29 8% 4563 265238 22728 21%
c w  9.29 107 76 17 40 9469 2 170417 25933 1.5 33 22 9 29 8% 4563 265238 22728 21%
c x  9.31 107 76 17 40 9469 2 170417 25933 1.5 33 22 9 29 8% 4563 264858 22728 21%
c -  9.41 97 75 17 41 9470 2 172620 25031 1.5 33 21 9 28 8% 4563 264858 22728 21%
c -  9.51 97 71 17 42 9474 2 179024 27592 1.5 32 21 8 27 8% 4563 264858 22728 21%
c B  9.60 98 69 17 42 9475 2 183293 31515 1.5 32 21 8 27 8% 4563 264858 22728 21%
c ]  9.61 98 69 18 42 9475 2 183486 31671 1.5 32 21 8 27 8% 4563 264858 22728 21%
c {  9.61 98 99 18 42 9475 15 183486 31671 1.4 14 10 6 12 6% 4563 264858 22728 21%
c -  9.66 101 97 18 43 9588 14 185506 29315 1.4 13 10 6 12 6% 4571 264857 22728 21%
c -  9.86 105 95 18 44 10123 14 192064 29912 1.4 14 10 6 12 6% 4575 264853 22728 21%
c - 10.05 106 93 18 45 10427 13 198698 30407 1.4 14 10 6 11 6% 4582 264847 22728 21%
c - 10.23 107 91 18 46 10756 12 205406 31653 1.4 14 10 6 11 6% 4590 264843 22728 21%
c
c seconds   switched      rate          size/glue  tier1    binary          remaining
c        MB   reductions    conflicts         size   tier2     irredundant
c         level    restarts        redundant     glue   trail          variables
c
c } 10.24 98 91 19 46 10763 12 205832 32010 1.4 14 10 6 11 6% 4590 264842 22728 21%
c [ 10.24 98 69 19 46 10763 2 205832 32010 1.5 32 21 8 27 8% 4590 264842 22728 21%
c u 10.40 88 71 19 46 10764 2 207387 33065 1.5 32 21 8 27 8% 4596 264832 22728 21%
c v 10.43 88 71 19 46 10764 2 207387 31633 1.5 32 21 8 27 8% 4598 264832 22728 21%
c w 10.44 88 71 19 46 10764 2 207387 31614 1.5 32 21 8 27 8% 4598 264832 22728 21%
c x 10.48 90 71 19 46 10764 2 207387 31607 1.5 32 21 8 27 8% 4598 264792 22728 21%
c - 10.65 106 69 19 47 10767 2 212188 31386 1.5 32 21 8 26 8% 4598 264788 22728 21%
c W 10.73 106 69 19 47 10769 2 214744 33574 1.6 32 21 8 26 8% 4598 264788 22728 21%
c - 10.81 106 67 19 48 10769 2 219044 32898 1.6 32 20 8 25 7% 4598 264780 22728 21%
c o 10.92 107 64 19 48 10775 2 225776 38103 1.6 31 20 8 25 7% 4598 264777 22728 21%
c - 10.93 107 64 19 49 10775 2 225972 34373 1.6 31 20 8 25 7% 4598 264775 22728 21%
c - 11.12 108 63 19 50 10777 2 232972 34914 1.5 31 20 8 25 7% 4598 264775 22728 21%
c ] 11.16 108 62 20 50 10777 2 235089 36823 1.5 31 20 8 25 7% 4598 264775 22728 21%
c { 11.16 108 91 20 50 10777 12 235089 36823 1.4 14 10 6 11 6% 4598 264775 22728 21%
c - 11.32 105 90 20 51 11297 12 240045 35825 1.4 14 10 6 11 6% 4599 264764 22728 21%
c - 11.55 107 89 20 52 12040 12 247186 37294 1.4 14 10 6 11 6% 4601 264737 22728 21%
c s 11.64 107 88 20 52 12107 12 248182 38055 1.4 14 10 6 11 6% 4601 262292 22728 21%
c e 11.90 115 88 20 52 12107 12 248182 38055 1.4 14 10 6 11 6% 4519 327684 16951 16%
c s 11.98 115 88 20 52 12107 12 248182 38055 1.4 14 10 6 11 6% 4520 325053 16951 16%
c ! 12.03 115 88 20 52 12107 12 248182 38055 1.4 14 10 6 11 6% 4520 325053 16951 16%
c
c seconds    switched      rate          size/glue  tier1    binary          remaining
c         MB   reductions    conflicts         size   tier2     irredundant
c          level    restarts        redundant     glue   trail          variables
c
c u 12.10 105 88 20 52 12132 12 248360 22405 1.4 14 10 6 11 6% 4520 325053 16951 16%
c v 12.14 106 88 20 52 12132 12 248360 21384 1.4 14 10 6 11 6% 4520 325053 16951 16%
c w 12.16 106 88 20 52 12132 12 248360 21307 1.4 14 10 6 11 6% 4520 325053 16951 16%
c - 12.44 109 86 20 53 12787 12 254397 23611 1.4 14 10 6 11 6% 4523 325036 16951 16%
c - 12.65 111 85 20 54 13489 12 261678 26774 1.4 14 10 6 11 5% 4525 325017 16951 16%
c } 12.65 111 85 21 54 13502 12 261828 26879 1.4 14 10 6 11 5% 4525 325017 16951 16%
c [ 12.65 111 62 21 54 13502 2 261828 26879 1.5 31 20 8 25 7% 4525 325017 16951 16%
c I 12.65 111 62 21 54 13502 2 261828 26879 1.5 31 20 8 25 7% 4525 325017 16951 16%
c - 12.85 105 64 21 55 13507 2 269027 28363 1.6 32 20 8 25 7% 4525 325011 16951 16%
c - 13.05 105 62 21 56 13510 2 276443 27973 1.6 32 21 8 25 7% 4525 325011 16951 16%
c - 13.23 105 60 21 57 13515 2 283926 27160 1.5 33 21 8 25 6% 4525 325005 16951 16%
c - 13.40 105 58 21 58 13516 2 291475 27718 1.5 33 21 8 25 6% 4525 325004 16951 16%
c u 13.49 107 58 21 58 13516 2 294092 29528 1.6 34 22 8 25 6% 4525 325004 16951 16%
c v 13.52 108 58 21 58 13516 2 294092 28576 1.6 34 22 8 25 6% 4525 325004 16951 16%
c w 13.55 109 58 21 58 13516 2 294092 28536 1.6 34 22 8 25 6% 4525 325004 16951 16%
c x 13.58 110 58 21 58 13516 2 294092 28536 1.6 34 22 8 25 6% 4525 324574 16951 16%
c ] 13.67 111 58 22 58 13516 2 294479 28892 1.6 34 22 8 25 6% 4526 324574 16951 16%
c { 13.67 111 85 22 58 13516 12 294479 28892 1.4 14 10 6 11 5% 4526 324574 16951 16%
c o 13.74 105 84 22 58 13770 12 295868 30049 1.4 14 10 6 11 5% 4532 324572 16951 16%
c - 13.97 110 84 22 59 14297 12 299090 28809 1.4 14 10 6 11 5% 4543 324564 16951 16%
c
c seconds    switched      rate          size/glue  tier1    binary          remaining
c         MB   reductions    conflicts         size   tier2     irredundant
c          level    restarts        redundant     glue   trail          variables
c
c - 14.41 108 84 22 60 15337 12 306771 31648 1.4 15 10 6 12 6% 4577 324547 16951 16%
c - 14.93 112 83 22 61 16580 12 314517 34680 1.4 15 11 6 12 6% 4599 324541 16951 16%
c - 15.45 111 83 22 62 17871 12 322327 37086 1.4 15 11 6 12 6% 4633 324534 16951 16%
c } 15.71 108 84 23 62 18414 12 325995 40405 1.4 15 11 6 12 6% 4653 324531 16951 16%
c [ 15.71 108 58 23 62 18414 2 325995 40405 1.6 34 22 8 25 6% 4653 324531 16951 16%
c B 15.71 108 58 23 62 18414 2 325995 40405 1.6 34 22 8 25 6% 4653 324531 16951 16%
c - 15.83 110 60 23 63 18416 2 330203 38106 1.6 34 22 8 25 6% 4653 324529 16951 16%
c - 15.97 111 59 23 64 18420 2 338142 37021 1.6 33 21 8 25 6% 4653 324519 16951 16%
c u 16.16 113 57 23 64 18423 2 344039 40595 1.6 32 21 8 25 6% 4653 324515 16951 16%
c v 16.22 113 57 23 64 18423 2 344039 38935 1.6 32 21 8 25 6% 4653 324515 16951 16%
c w 16.26 113 57 23 64 18423 2 344039 38818 1.6 32 21 8 25 6% 4653 324515 16951 16%
c x 16.32 114 57 23 64 18423 2 344039 38777 1.6 32 21 8 25 6% 4653 323935 16951 16%
c t 16.34 114 57 23 64 18423 2 344039 38777 1.6 32 21 8 25 6% 4652 323935 16951 16%
c - 16.42 100 57 23 65 18425 2 346142 34669 1.6 32 21 8 25 6% 4652 323935 16951 16%
c - 16.60 103 55 23 66 18428 2 354204 36514 1.6 32 20 8 25 6% 4652 323931 16951 16%
c s 16.77 103 54 23 66 18428 2 356917 38670 1.6 32 20 8 25 6% 4653 320500 16951 16%
c e 16.84 110 54 23 66 18428 2 356917 38670 1.6 32 20 8 25 6% 4653 320542 16948 16%
c s 16.97 110 54 23 66 18428 2 356917 38670 1.6 32 20 8 25 6% 4653 318701 16948 16%
c e 17.01 110 54 23 66 18428 2 356917 38670 1.6 32 20 8 25 6% 4653 318744 16945 16%
c - 17.13 110 54 23 67 18429 2 362328 37052 1.6 32 20 8 24 6% 4653 318744 16945 16%
c
c seconds    switched     rate          size/glue  tier1    binary          remaining
c         MB   reductions   conflicts         size   tier2     irredundant
c          level    restarts       redundant     glue   trail          variables
c
c W 17.34 111 52 23 67 18434 2 369707 43718 1.6 32 20 8 24 6% 4653 318744 16945 16%
c - 17.37 111 52 23 68 18435 2 370515 37056 1.6 32 20 8 24 6% 4653 318744 16945 16%
c - 17.54 112 51 23 69 18438 2 378761 36769 1.6 32 20 8 24 6% 4653 318744 16945 16%
c - 17.71 100 49 23 70 18442 2 387067 37142 1.6 33 20 8 24 6% 4653 318744 16945 16%
c - 17.93 104 50 23 71 18443 2 395434 37146 1.6 33 20 8 24 6% 4656 318742 16945 16%
c u 18.11 106 50 23 71 18444 2 398276 39357 1.7 34 20 8 24 6% 4656 318742 16945 16%
c v 18.15 106 50 23 71 18444 2 398276 38429 1.7 34 20 8 24 6% 4656 318742 16945 16%
c w 18.18 108 50 23 71 18444 2 398276 38411 1.7 34 20 8 24 6% 4656 318742 16945 16%
c x 18.21 109 50 23 71 18444 2 398276 38408 1.7 34 20 8 24 6% 4656 318415 16945 16%
c o 18.44 113 50 23 71 18444 2 398276 38408 1.7 34 20 8 24 6% 4656 318415 16945 16%
c - 18.66 103 54 23 72 18444 2 403861 35498 1.7 34 21 8 24 7% 4657 318414 16945 16%
c - 19.02 104 58 23 73 18444 2 412346 34887 1.6 35 21 8 24 8% 4657 318414 16945 16%
c ] 19.19 105 58 24 73 18447 2 416480 38731 1.6 35 21 8 24 9% 4657 318414 16945 16%
c { 19.19 105 84 24 73 18447 12 416480 38731 1.4 15 11 6 12 6% 4657 318414 16945 16%
c - 19.32 111 83 24 74 18676 12 420891 36307 1.4 15 11 6 12 6% 4657 318414 16945 16%
c - 19.55 109 82 24 75 18975 11 429493 38547 1.5 16 11 6 12 6% 4657 318413 16945 16%
c - 19.84 107 83 24 76 19562 11 438155 39434 1.5 16 11 6 12 6% 4657 318411 16945 16%
c - 20.09 105 84 24 77 19870 10 446873 39633 1.5 16 11 6 12 7% 4657 318410 16945 16%
c } 20.29 111 84 25 77 20092 10 453158 45020 1.5 16 11 6 12 7% 4658 318410 16945 16%
c [ 20.29 111 58 25 77 20092 2 453158 45020 1.6 35 21 8 24 9% 4658 318410 16945 16%
c
c seconds    switched     rate          size/glue  tier1    binary          remaining
c         MB   reductions   conflicts         size   tier2     irredundant
c          level    restarts       redundant     glue   trail          variables
c
c O 20.29 111 58 25 77 20092 2 453158 45020 1.6 35 21 8 24 9% 4658 318410 16945 16%
c - 20.35 112 59 25 78 20094 2 455647 40729 1.6 35 21 8 24 9% 4658 318410 16945 16%
c u 20.47 107 61 25 78 20094 2 456787 40687 1.6 35 21 8 24 9% 4658 318410 16945 16%
c v 20.51 108 61 25 78 20094 2 456787 39289 1.6 35 21 8 24 9% 4658 318410 16945 16%
c w 20.54 108 61 25 78 20094 2 456787 39220 1.6 35 21 8 24 9% 4658 318410 16945 16%
c x 20.59 109 61 25 78 20094 2 456787 39215 1.6 35 21 8 24 9% 4658 317758 16945 16%
c - 20.80 110 62 25 79 20098 2 464478 39393 1.6 34 21 8 24 9% 4658 317758 16945 16%
c - 21.02 112 69 25 80 20104 2 473366 40310 1.6 34 22 8 24 10% 4676 317758 16945 16%
c - 21.26 104 74 25 81 20106 2 482310 41204 1.6 35 22 8 24 10% 4680 317758 16945 16%
c s 21.65 107 78 25 81 20109 2 489703 48140 1.6 35 22 8 24 11% 4692 311286 16945 16%
c e 21.73 111 78 25 81 20109 2 489703 48140 1.6 35 22 8 24 11% 4692 314895 16715 15%
c s 21.81 111 78 25 81 20109 2 489703 48140 1.6 35 22 8 24 11% 4692 314320 16715 15%
c e 21.85 111 78 25 81 20109 2 489703 48140 1.6 35 22 8 24 11% 4692 314330 16714 15%
c o 21.86 111 78 25 81 20109 2 489703 47738 1.6 35 22 8 24 11% 4692 314330 16714 15%
c - 21.90 111 78 25 82 20109 2 491311 42514 1.6 35 22 8 24 11% 4693 314330 16714 15%
c ] 21.95 103 78 26 82 20110 2 492521 43657 1.6 35 22 8 24 12% 4693 314330 16714 15%
c { 21.95 103 84 26 82 20110 10 492521 43657 1.5 16 11 6 12 7% 4693 314330 16714 15%
c - 22.15 111 83 26 83 20413 10 500366 45115 1.5 16 11 6 12 7% 4695 314329 16714 15%
c - 22.43 109 82 26 84 20916 10 509476 46927 1.5 16 11 6 12 6% 4695 314329 16714 15%
c - 22.67 111 80 26 85 21524 9 518642 48025 1.5 16 11 6 12 6% 4695 314329 16714 15%
c
c seconds    switched     rate          size/glue  tier1    binary          remaining
c         MB   reductions   conflicts         size   tier2     irredundant
c          level    restarts       redundant     glue   trail          variables
c
c u 22.77 112 80 26 85 21581 9 519712 45018 1.5 16 11 6 12 6% 4695 314329 16714 15%
c v 22.82 113 80 26 85 21581 9 519712 43394 1.5 16 11 6 12 6% 4695 314329 16714 15%
c w 22.84 113 80 26 85 21581 9 519712 43354 1.5 16 11 6 12 6% 4695 314329 16714 15%
c x 22.89 113 80 26 85 21581 9 519712 43352 1.5 16 11 6 12 6% 4695 313729 16714 15%
c f 22.94 94 80 26 85 21581 9 519712 43352 1.5 16 11 6 12 6% 4715 313511 16724 15%
c u 23.02 106 80 26 85 21581 9 519712 40768 1.5 16 11 6 12 6% 4724 313511 16724 15%
c v 23.07 107 80 26 85 21581 9 519712 39524 1.5 16 11 6 12 6% 4724 313511 16724 15%
c w 23.09 107 80 26 85 21581 9 519712 39465 1.5 16 11 6 12 6% 4724 313511 16724 15%
c x 23.15 108 80 26 85 21581 9 519712 39465 1.5 16 11 6 12 6% 4724 309735 16724 15%
c - 23.45 108 79 26 86 22037 9 527861 42254 1.5 16 11 6 12 6% 4725 309735 16724 15%
c } 23.65 110 79 27 86 22456 9 534739 47796 1.5 16 11 6 12 6% 4725 309735 16724 15%
c [ 23.65 110 78 27 86 22456 2 534739 47796 1.6 35 22 8 24 12% 4725 309735 16724 15%
c B 23.65 110 78 27 86 22456 2 534739 47796 1.6 35 22 8 24 12% 4725 309735 16724 15%
c - 23.74 111 79 27 87 22458 2 537135 45229 1.6 35 22 8 24 12% 4726 309735 16724 15%
c - 24.11 104 80 27 88 22462 2 546462 45518 1.6 37 23 8 24 13% 4727 309734 16724 15%
c - 24.46 106 81 27 89 22469 2 555842 45268 1.6 38 24 8 25 13% 4737 309734 16724 15%
c ] 24.86 106 81 28 89 22470 2 564943 53704 1.6 40 25 8 25 13% 4737 309734 16724 15%
c { 24.86 106 79 28 89 22470 9 564943 53704 1.5 16 11 6 12 6% 4737 309734 16724 15%
c - 24.88 107 79 28 90 22489 9 565275 44920 1.5 16 11 6 12 6% 4737 309734 16724 15%
c - 25.14 108 77 28 91 22891 9 574761 46761 1.5 16 11 6 12 6% 4737 309734 16724 15%
c
c seconds    switched     rate          size/glue  tier1    binary          remaining
c         MB   reductions   conflicts         size   tier2     irredundant
c          level    restarts       redundant     glue   trail          variables
c
c - 25.46 112 78 28 92 23570 8 584302 50209 1.5 16 11 6 12 6% 4740 309734 16724 15%
c u 25.64 109 78 28 92 23700 8 586982 50882 1.5 16 11 6 12 6% 4740 309734 16724 15%
c v 25.69 109 78 28 92 23700 8 586982 49040 1.5 16 11 6 12 6% 4740 309734 16724 15%
c w 25.72 109 78 28 92 23700 8 586982 48980 1.5 16 11 6 12 6% 4740 309734 16724 15%
c x 25.78 110 78 28 92 23700 8 586982 48974 1.5 16 11 6 12 6% 4740 307657 16724 15%
c o 25.89 111 78 28 92 23759 8 589730 51133 1.5 16 11 6 12 6% 4740 307657 16724 15%
c - 26.05 109 78 28 93 24029 8 593895 49346 1.5 16 11 6 12 6% 4740 307657 16724 15%
c - 26.32 109 76 28 94 24511 8 603539 51414 1.5 16 11 6 12 6% 4740 307657 16724 15%
c } 26.60 112 76 29 94 25094 8 613081 59197 1.5 16 11 6 12 6% 4741 307657 16724 15%
c [ 26.60 112 81 29 94 25094 2 613081 59197 1.6 40 25 8 25 13% 4741 307657 16724 15%
c W 26.65 111 81 29 94 25094 2 613081 59197 1.6 40 25 8 25 13% 4741 307657 16724 15%
c - 26.67 111 81 29 95 25094 2 613235 53465 1.6 40 25 8 25 13% 4741 307657 16724 15%
c - 27.03 112 80 29 96 25100 2 622981 52868 1.5 41 26 8 25 13% 4744 307657 16724 15%
c - 27.42 103 79 29 97 25106 2 632779 51397 1.5 41 27 8 25 13% 4744 307657 16724 15%
c - 27.81 103 78 29 98 25108 2 642628 52076 1.5 43 28 8 26 13% 4744 307657 16724 15%
c s 28.02 106 79 29 98 25110 2 648022 57109 1.5 43 28 8 26 13% 4745 307589 16724 15%
c e 28.11 111 79 29 98 25110 2 648022 57109 1.5 43 28 8 26 13% 4734 307906 16703 15%
c s 28.12 111 79 29 98 25110 2 648022 57109 1.5 43 28 8 26 13% 4734 307787 16703 15%
c ] 28.23 111 79 30 98 25112 2 650808 59451 1.5 43 28 8 26 13% 4736 307787 16703 15%
c { 28.23 111 76 30 98 25112 8 650808 59451 1.5 16 11 6 12 6% 4736 307787 16703 15%
c
c seconds    switched     rate          size/glue  tier1    binary          remaining
c         MB   reductions   conflicts         size   tier2     irredundant
c          level    restarts       redundant     glue   trail          variables
c
c - 28.28 112 76 30 99 25187 8 652527 54041 1.5 16 11 6 12 6% 4738 307787 16703 15%
c u 28.60 107 76 30 99 25616 8 658736 58341 1.5 16 11 6 12 6% 4742 307787 16703 15%
c v 28.66 109 76 30 99 25616 8 658736 56949 1.5 16 11 6 12 6% 4742 307787 16703 15%
c w 28.70 109 76 30 99 25616 8 658736 56736 1.5 16 11 6 12 6% 4742 307787 16703 15%
c x 28.75 110 76 30 99 25616 8 658736 56732 1.5 16 11 6 12 6% 4742 307007 16703 15%
c t 28.77 110 76 30 99 25616 8 658736 56732 1.5 16 11 6 12 6% 4741 307007 16703 15%
c - 28.94 105 76 30 100 25851 8 662477 55513 1.5 16 11 6 12 6% 4742 307007 16703 15%
c - 29.24 112 75 30 101 26350 8 672477 58395 1.5 16 11 6 12 6% 4749 307007 16703 15%
c - 29.53 110 74 30 102 26982 8 682527 60621 1.5 16 11 6 12 6% 4749 307007 16703 15%
c - 29.81 112 73 30 103 27537 8 692626 62451 1.5 16 11 6 12 6% 4749 307007 16703 15%
c o 30.03 110 72 30 103 27883 7 699849 67814 1.5 16 11 6 12 6% 4749 307007 16703 15%
c - 30.15 112 73 30 104 28099 8 702777 63995 1.5 16 11 6 12 6% 4750 307007 16703 15%
c } 30.23 107 73 31 104 28269 8 705244 65977 1.5 16 11 6 12 6% 4750 307007 16703 15%
c [ 30.23 107 79 31 104 28269 2 705244 65977 1.5 43 28 8 26 13% 4750 307007 16703 15%
c I 30.23 107 79 31 104 28269 2 705244 65977 1.5 43 28 8 26 13% 4750 307007 16703 15%
c - 30.42 110 79 31 105 28274 2 712976 65091 1.5 42 27 8 26 13% 4750 307007 16703 15%
c - 30.71 111 77 31 106 28279 2 723223 65361 1.6 42 27 8 26 13% 4753 307007 16703 15%
c - 31.02 112 75 31 107 28283 2 733518 64198 1.5 42 27 8 26 12% 4753 307007 16703 15%
c u 31.15 112 74 31 107 28283 2 735045 64750 1.5 42 27 8 26 12% 4753 307007 16703 15%
c v 31.20 113 74 31 107 28283 2 735045 63373 1.5 42 27 8 26 12% 4753 307007 16703 15%
c
c seconds    switched      rate          size/glue  tier1     binary          remaining
c         MB   reductions    conflicts         size   tier2      irredundant
c          level     restarts       redundant     glue    trail          variables
c
c w 31.24 113 74 31 107 28283 2 735045 63356 1.5 42 27 8 26 12% 4753 307007 16703 15%
c x 31.30 113 74 31 107 28283 2 735045 63351 1.5 42 27 8 26 12% 4753 304863 16703 15%
c - 31.67 102 72 31 108 28287 2 743862 60504 1.5 42 27 8 26 12% 4753 304863 16703 15%
c ] 32.04 103 70 32 108 28292 2 752908 68477 1.5 42 28 8 26 11% 4753 304863 16703 15%
c { 32.04 103 73 32 108 28292 8 752908 68477 1.5 16 11 6 12 6% 4753 304863 16703 15%
c - 32.08 106 72 32 109 28435 8 754254 60958 1.5 16 11 6 12 6% 4753 304863 16703 15%
c - 32.44 106 71 32 110 29188 8 764697 63673 1.5 16 11 6 12 6% 4754 304863 16703 15%
c - 32.76 112 71 32 111 29895 7 775185 66173 1.5 16 11 6 12 6% 4754 304863 16703 15%
c - 33.12 112 70 32 112 30531 7 785721 68017 1.5 16 11 6 12 6% 4755 304863 16703 15%
c - 33.49 112 70 32 113 31423 8 796304 69104 1.5 16 11 6 12 5% 4757 304863 16703 15%
c - 33.89 112 70 32 114 32122 8 806934 70486 1.5 16 11 6 12 5% 4757 304863 16703 15%
c } 34.13 110 69 33 114 32673 8 814013 75839 1.5 16 11 6 12 5% 4757 304863 16703 15%
c [ 34.13 110 70 33 114 32673 2 814013 75839 1.5 42 28 8 26 11% 4757 304863 16703 15%
c B 34.13 110 70 33 114 32673 2 814013 75839 1.5 42 28 8 26 11% 4757 304863 16703 15%
c u 34.28 112 72 33 114 32674 2 815933 75950 1.5 42 27 8 26 11% 4758 304863 16703 15%
c v 34.35 113 72 33 114 32674 2 815933 74262 1.5 42 27 8 26 11% 4758 304863 16703 15%
c w 34.38 113 72 33 114 32674 2 815933 74180 1.5 42 27 8 26 11% 4758 304863 16703 15%
c x 34.45 113 72 33 114 32674 2 815933 74170 1.5 42 27 8 26 11% 4758 303347 16703 15%
c - 34.92 103 72 33 115 32675 2 817611 67735 1.5 42 27 8 26 11% 4758 303347 16703 15%
c - 35.35 107 73 33 116 32681 2 828336 67336 1.5 43 28 8 26 12% 4763 303347 16703 15%
c
c seconds    switched      rate          size/glue  tier1     binary          remaining
c         MB   reductions    conflicts         size   tier2      irredundant
c          level     restarts       redundant     glue    trail          variables
c
c s 35.62 107 73 33 116 32685 2 833087 71765 1.5 44 29 8 26 12% 4763 303322 16703 15%
c e 35.68 111 73 33 116 32685 2 833087 71765 1.5 44 29 8 26 12% 4760 303324 16702 15%
c s 35.69 111 73 33 116 32685 2 833087 71765 1.5 44 29 8 26 12% 4760 303319 16702 15%
c o 35.72 111 73 33 116 32685 2 833087 71761 1.5 44 29 8 26 12% 4760 303319 16702 15%
c - 35.92 112 74 33 117 32686 2 839106 66236 1.5 44 28 7 27 12% 4762 303319 16702 15%
c - 36.46 104 75 33 118 32690 2 849922 66331 1.6 46 29 7 27 13% 4762 303319 16702 15%
c ] 36.98 106 75 34 118 32695 2 860399 76200 1.6 47 30 7 27 13% 4762 303319 16702 15%
c { 36.98 106 69 34 118 32695 8 860399 76200 1.5 16 11 6 12 5% 4762 303319 16702 15%
c - 37.01 108 70 34 119 32701 8 860784 66469 1.5 16 11 6 12 5% 4762 303319 16702 15%
c - 37.22 112 67 34 120 32793 7 871694 69241 1.5 16 11 6 12 5% 4766 303319 16702 15%
c - 37.48 109 64 34 121 32896 7 882648 71879 1.5 16 11 6 12 5% 4767 303319 16702 15%
c - 37.75 111 62 34 122 33109 6 893650 73512 1.5 16 11 6 12 5% 4768 303319 16702 15%
c u 38.02 113 60 34 122 33260 6 901459 78445 1.5 16 11 6 12 5% 4768 303319 16702 15%
c v 38.09 114 60 34 122 33260 6 901459 74859 1.5 16 11 6 12 5% 4768 303319 16702 15%
c w 38.12 114 60 34 122 33260 6 901459 74794 1.5 16 11 6 12 5% 4768 303319 16702 15%
c x 38.19 115 60 34 122 33260 6 901459 74783 1.5 16 11 6 12 5% 4768 301612 16702 15%
c - 38.37 110 60 34 123 33322 6 904696 71527 1.5 16 10 6 12 5% 4769 301612 16702 15%
c - 38.58 111 58 34 124 33457 6 915786 74307 1.5 16 10 6 12 5% 4770 301612 16702 15%
c - 38.91 107 57 34 125 33701 5 926922 77060 1.5 16 10 6 11 5% 4772 301612 16702 15%
c } 38.94 108 56 35 125 33710 5 928545 78367 1.5 16 10 6 11 5% 4772 301612 16702 15%
c
c seconds    switched      rate          size/glue  tier1     binary          remaining
c         MB   reductions    conflicts         size   tier2      irredundant
c          level     restarts       redundant     glue    trail          variables
c
c [ 38.94 108 75 35 125 33710 2 928545 78367 1.6 47 30 7 27 13% 4772 301612 16702 15%
c W 38.99 110 75 35 125 33710 2 928545 78367 1.6 47 30 7 27 13% 4772 301612 16702 15%
c - 39.42 113 77 35 126 33716 2 938102 77796 1.6 48 30 7 27 14% 4772 301612 16702 15%
c - 40.01 103 77 35 127 33722 2 949326 76495 1.6 49 31 7 27 15% 4772 301612 16702 15%
c - 40.52 106 78 35 128 33724 2 960595 77293 1.6 51 31 7 27 16% 4772 301612 16702 15%
c ] 40.80 107 78 36 128 33728 2 966672 83082 1.6 51 31 7 27 16% 4773 301612 16702 15%
c { 40.80 107 56 36 128 33728 5 966672 83082 1.5 16 10 6 11 5% 4773 301612 16702 15%
c o 40.81 107 56 36 128 33734 5 966715 83124 1.5 16 10 6 11 5% 4773 301612 16702 15%
c - 41.03 104 57 36 129 34160 6 971912 79604 1.5 16 10 6 11 5% 4774 301612 16702 15%
c - 41.40 113 58 36 130 34984 6 983271 82497 1.5 16 10 6 11 5% 4775 301612 16702 15%
c u 41.79 112 58 36 130 35800 6 991668 88487 1.5 16 10 6 11 5% 4776 301612 16702 15%
c v 41.87 112 58 36 130 35800 6 991668 86002 1.5 16 10 6 11 5% 4776 301612 16702 15%
c w 41.91 112 58 36 130 35800 6 991668 85942 1.5 16 10 6 11 5% 4776 301612 16702 15%
c x 41.98 113 58 36 130 35800 6 991668 85938 1.5 16 10 6 11 5% 4776 299645 16702 15%
c - 42.12 109 58 36 131 35943 6 994672 80702 1.5 16 10 6 11 5% 4776 299645 16702 15%
c - 42.57 111 58 36 132 36961 6 1006118 83038 1.5 16 10 6 11 5% 4778 299644 16702 15%
c - 42.99 111 58 36 133 38040 6 1017609 85212 1.5 16 11 6 11 5% 4779 299644 16702 15%
c - 43.43 112 59 36 134 39063 7 1029142 86504 1.5 16 11 6 11 5% 4783 299644 16702 15%
c - 43.89 112 59 36 135 40137 7 1040717 87643 1.5 16 11 6 11 5% 4784 299644 16702 15%
c } 43.95 112 59 37 135 40225 7 1042229 88911 1.5 16 11 6 11 5% 4784 299644 16702 15%
c
c seconds    switched      rate           size/glue  tier1     binary          remaining
c         MB   reductions     conflicts         size   tier2      irredundant
c          level     restarts        redundant     glue    trail          variables
c
c [ 43.95 112 78 37 135 40225 2 1042229 88911 1.6 51 31 7 27 16% 4784 299644 16702 15%
c O 43.95 112 78 37 135 40225 2 1042229 88911 1.6 51 31 7 27 16% 4784 299644 16702 15%
c s 44.06 113 76 37 135 40227 2 1046273 92572 1.6 50 31 7 27 16% 4784 299635 16702 15%
c e 44.11 115 76 37 135 40227 2 1046273 92572 1.6 50 31 7 27 16% 4781 299670 16699 15%
c s 44.12 115 76 37 135 40227 2 1046273 92572 1.6 50 31 7 27 16% 4781 299635 16699 15%
c - 44.31 101 74 37 136 40231 2 1052335 88920 1.6 49 30 7 27 15% 4781 299635 16699 15%
c - 44.73 103 70 37 137 40238 2 1063997 88205 1.6 48 29 7 27 14% 4781 299635 16699 15%
c - 44.99 103 66 37 138 40239 2 1075702 88773 1.6 46 28 7 26 13% 4781 299635 16699 15%
c u 45.40 107 62 37 138 40246 2 1086602 94788 1.6 44 27 7 26 12% 4781 299635 16699 15%
c v 45.46 108 62 37 138 40246 2 1086602 93686 1.6 44 27 7 26 12% 4781 299635 16699 15%
c w 45.51 110 62 37 138 40246 2 1086602 93597 1.6 44 27 7 26 12% 4781 299635 16699 15%
c x 45.57 110 62 37 138 40246 2 1086602 93590 1.6 44 27 7 26 12% 4781 298909 16699 15%
c - 45.64 111 62 37 139 40246 2 1087453 86279 1.6 44 27 7 26 12% 4781 298909 16699 15%
c - 46.03 111 59 37 140 40253 2 1099242 87857 1.6 43 26 7 26 12% 4781 298909 16699 15%
c - 46.52 111 56 37 141 40255 2 1111074 87871 1.6 42 26 7 26 11% 4781 298909 16699 15%
c ] 46.87 112 55 38 141 40255 2 1118150 94406 1.7 42 25 7 26 11% 4781 298909 16699 15%
c { 46.87 112 59 38 141 40255 7 1118150 94406 1.5 16 11 6 11 5% 4781 298909 16699 15%
c o 46.88 112 59 38 141 40262 7 1118180 94431 1.5 16 11 6 11 5% 4781 298909 16699 15%
c - 47.22 111 59 38 142 41200 7 1122949 88076 1.5 16 11 6 11 5% 4796 298909 16699 15%
c - 47.97 105 59 38 143 43023 7 1134866 89948 1.5 17 11 6 12 5% 4820 298909 16699 15%
c
c seconds    switched      rate           size/glue  tier1    binary          remaining
c         MB   reductions     conflicts         size   tier2     irredundant
c          level     restarts        redundant     glue   trail          variables
c
c - 48.90 113 59 38 144 45240 7 1146824 91188 1.5 17 11 6 12 6% 4840 298909 16699 15%
c - 49.64 112 58 38 145 46977 7 1158824 92739 1.5 17 12 6 12 6% 4862 298909 16699 15%
c - 50.33 110 58 38 146 48238 7 1170865 94017 1.5 18 12 6 12 6% 4874 298909 16699 15%
c - 51.29 112 58 38 147 49881 7 1182948 95270 1.5 18 12 6 12 6% 4892 298909 16699 15%
c u 51.76 112 58 38 147 50356 7 1186312 95429 1.5 18 12 6 12 6% 4898 298909 16699 15%
c v 51.89 114 58 38 147 50356 7 1186312 91210 1.5 18 12 6 12 6% 4898 298909 16699 15%
c w 51.95 114 58 38 147 50356 7 1186312 91072 1.5 18 12 6 12 6% 4898 298909 16699 15%
c x 52.07 116 58 38 147 50356 7 1186312 91064 1.5 18 12 6 12 6% 4898 295531 16699 15%
c t 52.10 116 58 38 147 50356 7 1186312 91064 1.5 18 12 6 12 6% 4897 295531 16699 15%
c - 52.76 110 58 38 148 51477 7 1195074 89692 1.5 19 12 6 12 6% 4910 295531 16699 15%
c } 53.14 113 59 39 148 51950 7 1201484 95288 1.5 19 12 6 12 6% 4917 295531 16699 15%
c [ 53.14 113 55 39 148 51950 2 1201484 95288 1.7 42 25 7 26 11% 4917 295531 16699 15%
c B 53.14 113 55 39 148 51950 2 1201484 95288 1.7 42 25 7 26 11% 4917 295531 16699 15%
c - 53.31 108 56 39 149 51954 2 1207239 90905 1.7 42 25 7 25 11% 4917 295531 16699 15%
c - 53.51 109 53 39 150 51960 2 1219446 89943 1.6 40 24 7 25 10% 4917 295531 16699 15%
c - 53.73 112 52 39 151 51964 2 1231693 88777 1.6 38 23 7 25 10% 4917 295531 16699 15%
c - 54.09 114 56 39 152 51970 2 1243981 88480 1.6 38 23 7 25 11% 4919 295531 16699 15%
c - 54.51 107 60 39 153 51977 2 1256309 85579 1.7 39 23 7 25 11% 4919 295531 16699 15%
c - 55.16 108 62 39 154 51979 2 1268678 81671 1.7 41 25 7 25 11% 4919 295531 16699 15%
c - 55.66 110 64 39 155 51980 2 1281087 79255 1.7 42 26 7 25 11% 4919 295531 16699 15%
c
c seconds    switched      rate           size/glue  tier1     binary          remaining
c         MB   reductions     conflicts         size   tier2      irredundant
c          level     restarts        redundant     glue    trail          variables
c
c s 55.94 110 64 39 155 51983 2 1288790 86311 1.6 42 26 7 25 11% 4919 295516 16699 15%
c e 55.99 114 64 39 155 51983 2 1288790 86311 1.6 42 26 7 25 11% 4919 295548 16697 15%
c s 55.99 114 64 39 155 51983 2 1288790 86311 1.6 42 26 7 25 11% 4919 295512 16697 15%
c o 56.02 114 64 39 155 51983 2 1288790 86083 1.6 42 26 7 25 11% 4919 295512 16697 15%
c u 56.21 110 65 39 155 51984 2 1290785 86364 1.6 42 26 7 25 11% 4919 295512 16697 15%
c v 56.29 110 65 39 155 51984 2 1290785 84700 1.6 42 26 7 25 11% 4919 295512 16697 15%
c w 56.36 112 65 39 155 51984 2 1290785 84688 1.6 42 26 7 25 11% 4919 295512 16697 15%
c x 56.46 113 65 39 155 51984 2 1290785 84614 1.6 42 26 7 25 11% 4919 288068 16697 15%
c W 56.57 110 65 39 155 51984 2 1291286 85106 1.6 42 26 7 25 11% 4919 288068 16697 15%
c - 56.64 111 65 39 156 51986 2 1293536 75824 1.6 42 25 7 25 11% 4919 288068 16697 15%
c - 56.89 112 65 39 157 51993 2 1306026 78280 1.6 41 25 7 25 11% 4919 288068 16697 15%
c - 57.18 109 67 39 158 51995 2 1318555 80419 1.6 40 24 7 25 11% 4926 288068 16697 15%
c - 57.56 110 66 39 159 52002 2 1331124 80283 1.7 40 24 7 25 11% 4926 288068 16697 15%
c - 57.91 110 64 39 160 52009 2 1343734 78741 1.7 40 24 7 25 10% 4926 288068 16697 15%
c - 58.22 111 61 39 161 52011 2 1356384 79189 1.7 40 24 7 25 10% 4926 288068 16697 15%
c - 58.54 112 59 39 162 52011 2 1369072 79731 1.7 39 24 7 25 9% 4926 288068 16697 15%
c - 58.87 112 56 39 163 52012 2 1381799 79399 1.7 39 24 7 25 8% 4926 288068 16697 15%
c I 59.00 100 55 39 163 52012 2 1387000 83910 1.7 39 24 7 25 8% 4926 288068 16697 15%
c ] 59.19 107 61 40 163 52012 2 1391346 88112 1.6 39 24 7 25 8% 4926 288068 16697 15%
c { 59.19 107 59 40 163 52012 7 1391346 88112 1.5 19 12 6 12 6% 4926 288068 16697 15%
c
c seconds    switched      rate           size/glue  tier1    binary          remaining
c         MB   reductions     conflicts         size   tier2     irredundant
c          level     restarts        redundant     glue   trail          variables
c
c - 59.31 112 59 40 164 52085 7 1394566 78719 1.5 19 12 6 12 6% 4926 288068 16697 15%
c u 59.48 109 57 40 164 52112 7 1399957 81070 1.5 19 12 6 12 6% 4926 288068 16697 15%
c v 59.55 109 57 40 164 52112 7 1399957 79352 1.5 19 12 6 12 6% 4926 288068 16697 15%
c w 59.60 110 57 40 164 52112 7 1399957 79289 1.5 19 12 6 12 6% 4926 288068 16697 15%
c x 59.68 111 57 40 164 52112 7 1399957 79277 1.5 19 12 6 12 6% 4927 283234 16697 15%
c - 59.93 110 58 40 165 52358 7 1407373 75329 1.5 19 12 6 12 6% 4927 283234 16697 15%
c } 59.99 111 57 40 165 52431 7 1410043 77403 1.5 19 12 6 12 6% 4927 283234 16697 15%
c ? 59.99 111 57 40 165 52431 7 1410043 77403 1.5 19 12 6 12 6% 4927 283234 16697 15%
c
c ---- [ result ] ------------------------------------------------------------
c
s UNKNOWN
c
c ---- [ profiling ] ---------------------------------------------------------
c
c          48.21   80.37 %  search
c          24.33   40.56 %  focused
c          23.88   39.80 %  stable
c          11.56   19.26 %  simplify
c           8.30   13.83 %  probe
c           4.92    8.19 %  vivify
c           3.16    5.27 %  eliminate
c           1.12    1.86 %  subsume
c           1.07    1.78 %  substitute
c           1.02    1.70 %  reduce
c           0.88    1.46 %  sweep
c           0.62    1.04 %  factor
c           0.60    1.00 %  congruence
c           0.25    0.41 %  walking
c           0.17    0.28 %  preprocess
c           0.15    0.24 %  transitive
c           0.07    0.11 %  backbone
c           0.04    0.07 %  parse
c           0.02    0.03 %  lucky
c =============================================
c          59.99  100.00 %  total
c
c ---- [ statistics ] --------------------------------------------------------
c
c backbone_computations:                   67            21045    interval
c backbone_ticks:                     8344276 
c chronological:                         4160                0 %  conflicts
c clauses_added:                      2573881              100 %  added
c clauses_binary:                        4927                0 %  added
c clauses_irredundant:                 283234               11 %  added
c clauses_learned:                    1326456               94 %  conflicts
c clauses_original:                    398881               15 %  added
c clauses_redundant:                    77403 
c clauses_used:                       6246612              471 %  learned
c clauses_used_focused:               1484112               24 %  used
c clauses_used_stable:                4762500               76 %  used
c closures:                                11           128186    interval
c conflicts:                          1410043            23504.59 per second
c congruent:                             9404                9 %  variables
c congruent_gates:                     623088            56644.36 per closure
c congruent_gates_ands:                124097               20 %  gates
c congruent_gates_ites:                133333               21 %  gates
c congruent_gates_xors:                365658               59 %  gates
c congruent_matched:                    31395              334 %  congruent
c congruent_matched_ands:                   0                0 %  matched
c congruent_matched_ites:                   0                0 %  matched
c congruent_matched_xors:               31395              100 %  matched
c decisions:                          6109697                4.33 per conflict
c eliminated:                           82446               76 %  variables
c eliminate_resolutions:             16255511           270969.79 per second
c eliminations:                            12           117504    interval
c factored:                                49                0 %  variables
c factorizations:                          28            50359    interval
c factor_ticks:                      43328949 
c fast_eliminated:                          0                0 %  eliminated
c fast_strengthened:                        0                0 %  per strengthened
c fast_subsumed:                            0                0 %  per subsumed
c forward_checks:                   196869908 
c forward_steps:                    268717191                1.36 per check
c iterations:                               0                0 %  variables
c kitten_propagations:               24574392               41.03 per solved
c kitten_solved:                       598983 
c kitten_ticks:                      97611912                3.97 per prop
c literals_factor:                     336226                3.09 per variable
c probings:                                28            50359    interval
c probing_ticks:                    460697003 
c propagations:                     358548369          5976790    per second
c random_sequences:                       468             3013    interval
c reductions:                             165             8546    interval
c reordered:                               16            88128    interval
c rephased:                                27            52224    interval
c restarts:                             52431               27    interval
c retiered:                                35            40287    interval
c searches:                                 1          1410043    interval
c search_ticks:                    3922652745 
c strengthened:                         63290                0 %  checks
c substituted:                           9408                9 %  variables
c substitute_ticks:                  19809432 
c subsumed:                             22823                0 %  checks
c subsumption_checks:               196869908 
c sweep:                                    7           201435    interval
c sweep_completed:                          0                0.00 sweeps
c sweep_equivalences:                       0                0 %  variables
c sweep_solved:                         62548               10 %  kitten_solved
c sweep_units:                              0                0 %  variables
c switched:                                40            35251    interval
c transitive_ticks:                  27218004 
c units:                                  300                0 %  variables
c variables_activated:                 108851                1.00 per variable
c variables_eliminate:                 284796                2.62 variables
c variables_extension:                     49                0.00 per variable
c variables_factor:                         0                0.00 per variable
c variables_original:                  108802                1.00 per variable
c variables_subsume:                   199668                1.84 per variable
c vivifications:                           33            42729    interval
c vivified:                            155096               21 %  checks
c vivify_checks:                       752340            22798    per vivify
c vivify_probes:                      5789924                7.70 per check
c vivify_reused:                      2380052               41 %  probes
c walks:                                    9           156671    interval
c walk_steps:                        39585867 
c warming_decisions:                     5673              630.33 per walk
c warming_propagations:                281897                0 %  propagations
c warmups:                                  9              100 %  walks
c
c ---- [ glue usage ] --------------------------------------------------------
c
c focused glue 6    used 131777 clauses  8.88% accumulated 55.52% tier1
c focused glue 7    used 124036 clauses  8.36% accumulated 63.88%
c focused glue 8-10 used 293490 clauses 19.78% accumulated 83.66%
c focused glue 11   used  59140 clauses  3.98% accumulated 87.64%
c focused glue 12   used  45128 clauses  3.04% accumulated 90.68% tier2
c
c stable glue 7    used  276432 clauses  5.80% accumulated 55.18% tier1
c stable glue 8    used  210140 clauses  4.41% accumulated 59.60%
c stable glue 9-23 used 1400467 clauses 29.41% accumulated 89.00%
c stable glue 24   used   42141 clauses  0.88% accumulated 89.89%
c stable glue 25   used   38262 clauses  0.80% accumulated 90.69% tier2
c
c ---- [ resources ] ---------------------------------------------------------
c
c maximum-resident-set-size:        135958528 bytes        130 MB
c process-time:                             1m              59.99 seconds
c
c ---- [ shutting down ] -----------------------------------------------------
c
c exit 0
