c ---- [ banner ] ------------------------------------------------------------
c
c Kissat SAT Solver
c 
c Copyright (c) 2021-2024 Armin Biere University of Freiburg
c Copyright (c) 2019-2021 Armin Biere Johannes Kepler University Linz
c 
c Version 4.0.4 unknown
c gcc (Ubuntu 15.2.0-16ubuntu1) 15.2.0 -W -Wall -O3 -DNDEBUG
c Sat Sep 5 21:05:05 EDT 2026 Linux server7 7.0.0-29-generic x86_64
c
c ---- [ parsing ] -----------------------------------------------------------
c
c opened and reading DIMACS file:
c
c   /home/mjbommar/p4dfa-cnf/string2x8.4._bit8_na6_nr3_paired.cnf
c
c parsed 'p cnf 143530 524863' header
c closing input after reading 10507108 bytes (10 MB)
c finished parsing after 0.05 seconds
c
c ---- [ options ] -----------------------------------------------------------
c
c --statistics=true                (different from default 'false')
c
c ---- [ solving ] -----------------------------------------------------------
c
c seconds switched rate     size/glue tier1   binary            remaining
c        MB reductions conflicts size  tier2      irredundant
c         level restarts redundant glue  trail            variables
c
c *  0.05 35 0 0 0  0 0   0   0 0.0 0 0 0 0 0% 123446 401327 143230 100%
c (  0.05 35 0 0 0  0 0   0   0 0.0 0 0 0 0 0% 123446 401327 143230 100%
c .  0.07 37 0 0 0  0 0   0   0 0.0 0 0 0 0 0% 124868 397769 143230 100%
c c  0.20 70 0 0 0  0 0   0   0 0.0 0 0 0 0 0% 125748 397673 135720 95%
c d  0.21 70 0 0 0  0 0   0   0 0.0 0 0 0 0 0% 109944 397577 135720 95%
c )  0.27 89 0 0 0  0 0   0   0 0.0 0 0 0 0 0% 109848 397577 135720 95%
c {  0.29 92 0 0 0  0 0   0   0 0.0 0 0 2 6 0% 109848 397577 135720 95%
c -  0.43 93 378 0 1 204 46 1001 778 1.7 7 4 3 8 12% 109903 397577 135720 95%
c }  0.43 93 378 1 1 204 46 1001 778 1.7 7 4 3 8 12% 109903 397577 135720 95%
c [  0.43 93 0 1 1 204 0 1001 778 0.0 0 0 2 6 0% 109903 397577 135720 95%
c B  0.43 93 0 1 1 204 0 1001 778 0.0 0 0 2 6 0% 109903 397577 135720 95%
c -  0.51 93 150 1 2 204 14 2001 1576 3.6 14 4 3 6 8% 109939 397572 135720 95%
c W  0.56 73 150 1 2 204 14 2002 1577 3.6 14 4 3 6 8% 109939 397572 135720 95%
c u  0.79 81 135 1 2 205 10 2724 1996 2.5 16 7 3 6 12% 109948 397572 135720 95%
c v  0.80 81 135 1 2 205 10 2724 1890 2.5 16 7 3 6 12% 109948 397572 135720 95%
c w  0.82 81 135 1 2 205 10 2724 1888 2.5 16 7 3 6 12% 109948 397572 135720 95%
c x  0.83 81 135 1 2 205 10 2724 1888 2.5 16 7 3 6 12% 109973 397472 135720 95%
c ]  0.88 81 130 2 2 205 10 2856 2000 2.4 16 7 3 6 11% 109976 397472 135720 95%
c {  0.88 81 378 2 2 205 46 2856 2000 1.7 7 4 3 8 12% 109976 397472 135720 95%
c -  0.94 98 278 2 3 242 34 3415 2084 1.8 8 4 3 8 11% 110014 397472 135720 95%
c
c seconds   switched   rate       size/glue tier1    binary            remaining
c        MB  reductions conflicts      size  tier2       irredundant
c          level restarts    redundant   glue   trail            variables
c
c }  1.01 98 247 3 3 283 29 3856 2423 1.8 7 4 3 8 13% 110048 397472 135720 95%
c [  1.01 98 130 3 3 283 10 3856 2423 2.4 16 7 3 6 11% 110048 397472 135720 95%
c I  1.03 98 117 3 3 283 8 4262 2802 2.2 16 7 3 6 10% 110054 397472 135720 95%
c -  1.10 99 156 3 4 284 7 5148 3228 2.3 19 8 4 15 13% 110056 397472 135720 95%
c ]  1.11 99 155 4 4 284 7 5376 3447 2.3 19 9 4 15 13% 110056 397472 135720 95%
c {  1.11 99 247 4 4 284 29 5376 3447 1.8 7 4 3 8 13% 110056 397472 135720 95%
c -  1.35 99 193 4 5 609 29 7149 4564 1.7 8 5 3 8 12% 110127 397472 135720 95%
c }  1.46 99 182 5 5 785 31 7729 5086 1.7 8 5 3 8 12% 110138 397472 135720 95%
c [  1.46 99 155 5 5 785 7 7729 5086 2.3 19 9 4 15 13% 110138 397472 135720 95%
c B  1.47 99 149 5 5 785 6 8034 5348 2.2 19 9 4 15 12% 110140 397472 135720 95%
c d  1.50 99 161 5 5 785 6 8390 5692 2.1 20 9 4 15 13% 110135 397468 135716 95%
c u  1.55 99 161 5 5 785 6 8390 4898 2.1 20 9 4 15 13% 110136 397468 135716 95%
c v  1.58 99 161 5 5 785 6 8390 4543 2.1 20 9 4 15 13% 110136 397468 135716 95%
c w  1.59 99 161 5 5 785 6 8390 4505 2.1 20 9 4 15 13% 110136 397468 135716 95%
c x  1.62 99 161 5 5 785 6 8390 4505 2.1 20 9 4 15 13% 110143 397330 135716 95%
c d  1.73 99 161 5 5 785 6 8390 4505 2.1 20 9 4 15 13% 110141 397330 135715 95%
c t  1.75 99 161 5 5 785 6 8390 4505 2.1 20 9 4 15 13% 110113 397330 135715 95%
c c  1.88 82 161 5 5 785 6 8390 4505 2.1 20 9 4 15 13% 110118 397318 135712 95%
c d  1.90 82 161 5 5 785 6 8390 4505 2.1 20 9 4 15 13% 110112 397318 135712 95%
c u  1.94 82 161 5 5 785 6 8390 3835 2.1 20 9 4 15 13% 110127 397318 135712 95%
c
c seconds   switched  rate       size/glue tier1      binary            remaining
c        MB  reductions conflicts      size  tier2        irredundant
c          level restarts   redundant    glue    trail            variables
c
c v  1.97 82 161 5 5 785 6 8390 3484 2.1 20 9 4 15 13% 110127 397318 135712 95%
c w  2.00 82 161 5 5 785 6 8390 3422 2.1 20 9 4 15 13% 110127 397318 135712 95%
c -  2.11 82 163 5 6 786 6 9386 3715 2.1 20 9 5 15 13% 110134 397318 135712 95%
c -  2.24 82 145 5 7 787 5 11835 5139 2.2 22 10 5 15 11% 110139 397318 135712 95%
c o  2.26 83 144 5 7 788 5 11968 5248 2.2 22 10 5 15 11% 110141 397318 135712 95%
c W  2.41 83 137 5 7 789 5 13565 6637 2.1 21 10 5 15 11% 110151 397318 135712 95%
c s  2.45 83 137 5 7 789 5 13619 6690 2.1 20 10 5 15 11% 110152 397291 135712 95%
c e  3.00 105 137 5 7 789 5 13619 6690 2.1 20 10 5 15 11% 13524 349920 44975 31%
c s  3.05 105 137 5 7 789 5 13619 6690 2.1 20 10 5 15 11% 13524 349706 44975 31%
c e  3.07 105 137 5 7 789 5 13619 6690 2.1 20 10 5 15 11% 13523 349707 44973 31%
c ^  3.07 105 137 5 7 789 5 13619 6690 2.1 20 10 5 15 11% 13523 349707 44973 31%
c ]  3.11 97 135 6 7 790 5 14275 1594 2.0 21 10 5 15 10% 13523 349707 44973 31%
c {  3.11 97 182 6 7 790 31 14275 1594 1.7 8 5 3 8 12% 13523 349707 44973 31%
c -  3.14 93 177 6 8 871 31 14480 1560 1.7 8 5 3 9 11% 13525 349707 44973 31%
c u  3.35 96 132 6 8 1700 27 17189 3833 1.5 12 8 3 9 8% 13541 349707 44973 31%
c v  3.37 97 132 6 8 1700 27 17189 3290 1.5 12 8 3 9 8% 13541 349707 44973 31%
c w  3.39 97 132 6 8 1700 27 17189 3099 1.5 12 8 3 9 8% 13541 349707 44973 31%
c x  3.42 97 132 6 8 1700 27 17189 3099 1.5 12 8 3 9 8% 13541 348450 44973 31%
c t  3.44 97 132 6 8 1700 27 17189 3099 1.5 12 8 3 9 8% 13538 348450 44973 31%
c f  3.53 80 132 6 8 1700 27 17189 3099 1.5 12 8 3 9 8% 13480 347978 44998 31%
c
c seconds   switched    rate        size/glue tier1   binary           remaining
c        MB  reductions   conflicts       size  tier2     irredundant
c          level  restarts     redundant    glue  trail           variables
c
c u  3.56 89 132 6 8 1700 27 17189 3091 1.5 12 8 3 9 8% 13480 347978 44998 31%
c v  3.58 90 132 6 8 1700 27 17189 3019 1.5 12 8 3 9 8% 13480 347978 44998 31%
c w  3.61 91 132 6 8 1700 27 17189 2782 1.5 12 8 3 9 8% 13480 347978 44998 31%
c x  3.64 91 132 6 8 1700 27 17189 2782 1.5 12 8 3 9 8% 13480 346774 44998 31%
c -  3.76 95 131 6 9 1736 27 17308 2541 1.5 12 8 6 13 8% 13480 346774 44998 31%
c }  3.84 95 123 7 9 2036 26 18344 3530 1.4 12 9 6 13 8% 13483 346774 44998 31%
c [  3.84 95 135 7 9 2036 5 18344 3530 2.0 21 10 5 15 10% 13483 346774 44998 31%
c -  3.87 96 126 7 10 2037 4 20311 4567 1.9 21 11 6 17 9% 13486 346774 44998 31%
c O  3.89 96 122 7 10 2038 4 21093 5251 1.9 21 11 6 17 9% 13489 346774 44998 31%
c -  3.93 96 110 7 11 2039 4 23474 5793 1.8 22 12 6 18 8% 13494 346772 44998 31%
c -  4.02 97 108 7 12 2041 4 26791 6568 1.7 23 13 7 20 8% 13501 346770 44998 31%
c s  4.05 97 108 7 12 2041 4 26825 6600 1.7 23 13 7 20 8% 13501 346323 44998 31%
c e  4.20 97 108 7 12 2041 4 26825 6600 1.7 23 13 7 20 8% 12176 349129 42464 30%
c s  4.22 97 108 7 12 2041 4 26825 6600 1.7 23 13 7 20 8% 12176 347429 42464 30%
c ^  4.25 97 108 7 12 2041 4 26825 6600 1.7 23 13 7 20 8% 12176 347429 42464 30%
c o  4.26 98 108 7 12 2041 4 26825 6443 1.7 23 13 7 20 8% 12176 347429 42464 30%
c c  4.41 88 105 7 12 2042 4 28935 8052 1.7 23 14 7 20 8% 22511 326697 37281 26%
c d  4.42 88 105 7 12 2042 4 28935 8052 1.7 23 14 7 20 8% 12145 326697 37281 26%
c u  4.44 88 105 7 12 2042 4 28935 7833 1.7 23 14 7 20 8% 12145 326697 37281 26%
c v  4.46 88 105 7 12 2042 4 28935 7626 1.7 23 14 7 20 8% 12145 326697 37281 26%
c
c seconds   switched    rate        size/glue  tier1    binary           remaining
c        MB   reductions  conflicts       size   tier2      irredundant
c          level   restarts    redundant     glue   trail           variables
c
c w  4.48 88 105 7 12 2042 4 28935 7626 1.7 23 14 7 20 8% 12145 326697 37281 26%
c x  4.50 105 105 7 12 2042 4 28935 7625 1.7 23 14 7 20 8% 12145 325323 37281 26%
c t  4.53 105 105 7 12 2042 4 28935 7625 1.7 23 14 7 20 8% 12143 325323 37281 26%
c u  4.59 105 105 7 12 2042 4 28935 7533 1.7 23 14 7 20 8% 12143 325323 37281 26%
c v  4.61 105 105 7 12 2042 4 28935 7269 1.7 23 14 7 20 8% 12143 325323 37281 26%
c w  4.62 105 105 7 12 2042 4 28935 7248 1.7 23 14 7 20 8% 12143 325323 37281 26%
c x  4.64 105 105 7 12 2042 4 28935 7248 1.7 23 14 7 20 8% 12144 324947 37281 26%
c -  4.73 105 102 7 13 2042 3 30256 6598 1.6 23 14 7 20 8% 12145 324947 37281 26%
c B  4.74 105 102 7 13 2042 3 30855 7115 1.6 23 14 7 20 8% 12146 324947 37281 26%
c -  4.80 106 110 7 14 2045 3 33861 7697 1.6 23 14 7 20 9% 12148 324946 37281 26%
c ]  4.81 107 107 8 14 2045 3 35201 8770 1.6 23 14 7 20 8% 12148 324946 37281 26%
c {  4.81 107 123 8 14 2045 26 35201 8770 1.4 12 9 6 13 8% 12148 324946 37281 26%
c -  4.89 108 119 8 15 2429 24 37602 9188 1.4 13 9 7 13 7% 12179 324941 37281 26%
c }  5.03 109 114 9 15 2820 22 41360 12340 1.4 13 9 7 13 7% 12228 324932 37281 26%
c [  5.03 109 107 9 15 2820 3 41360 12340 1.6 23 14 7 20 8% 12228 324932 37281 26%
c -  5.04 109 109 9 16 2820 3 41475 10659 1.6 23 14 7 20 8% 12233 324931 37281 26%
c W  5.13 106 126 9 16 2821 3 43078 12178 1.6 24 15 7 20 8% 12244 324928 37281 26%
c u  5.23 88 123 9 16 2822 3 43980 12806 1.6 24 15 7 20 8% 12247 324928 37281 26%
c v  5.25 88 123 9 16 2822 3 43980 12595 1.6 24 15 7 20 8% 12247 324928 37281 26%
c w  5.26 88 123 9 16 2822 3 43980 12564 1.6 24 15 7 20 8% 12247 324928 37281 26%
c
c seconds    switched    rate         size/glue  tier1    binary           remaining
c         MB   reductions  conflicts        size   tier2      irredundant
c           level   restarts     redundant     glue   trail           variables
c
c x  5.29 104 123 9 16 2822 3 43980 12560 1.6 24 15 7 20 8% 12247 324923 37281 26%
c -  5.36 106 123 9 17 2822 3 45475 11680 1.6 25 15 7 20 8% 12250 324921 37281 26%
c ]  5.46 106 120 10 17 2825 3 48084 14028 1.7 25 15 7 20 9% 12256 324920 37281 26%
c {  5.46 106 114 10 17 2825 22 48084 14028 1.4 13 9 7 13 7% 12256 324920 37281 26%
c o  5.47 106 116 10 17 2833 22 48141 14076 1.4 13 9 7 13 7% 12261 324919 37281 26%
c -  5.53 108 112 10 18 2944 21 49600 12680 1.4 13 9 7 13 7% 12273 324916 37281 26%
c -  5.73 103 124 10 19 3369 19 53842 13874 1.4 13 9 7 13 7% 12341 324904 37281 26%
c s  5.81 104 122 10 19 3480 19 55433 15212 1.4 13 9 7 13 7% 12357 324750 37281 26%
c e  6.00 109 122 10 19 3480 19 55433 15212 1.4 13 9 7 13 7% 6796 337818 33256 23%
c s  6.03 109 122 10 19 3480 19 55433 15212 1.4 13 9 7 13 7% 6799 337528 33256 23%
c ^  6.05 109 122 10 19 3480 19 55433 15212 1.4 13 9 7 13 7% 6799 337528 33256 23%
c }  6.09 110 119 11 19 3638 18 56711 14189 1.4 13 9 7 13 6% 6810 337528 33256 23%
c [  6.09 110 120 11 19 3638 3 56711 14189 1.7 25 15 7 20 9% 6810 337528 33256 23%
c I  6.11 110 117 11 19 3639 3 57982 15266 1.7 25 15 7 20 8% 6812 337528 33256 23%
c -  6.14 110 117 11 20 3639 3 58200 13725 1.6 25 15 7 21 8% 6814 337528 33256 23%
c d  6.27 99 116 11 20 3642 3 62491 17655 1.6 26 16 7 21 9% 6812 337527 33254 23%
c u  6.31 103 116 11 20 3642 3 62491 16778 1.6 26 16 7 21 9% 6813 337527 33254 23%
c v  6.35 104 116 11 20 3642 3 62491 16202 1.6 26 16 7 21 9% 6813 337527 33254 23%
c w  6.37 104 116 11 20 3642 3 62491 16191 1.6 26 16 7 21 9% 6813 337527 33254 23%
c u  6.56 107 116 11 20 3642 3 62491 15902 1.6 26 16 7 21 9% 6813 337527 33254 23%
c
c seconds     switched    rate         size/glue  tier1    binary          remaining
c         MB    reductions  conflicts        size   tier2     irredundant
c           level    restarts     redundant     glue   trail          variables
c
c v  6.58 108 116 11 20 3642 3 62491 15784 1.6 26 16 7 21 9% 6813 337527 33254 23%
c w  6.60 108 116 11 20 3642 3 62491 15778 1.6 26 16 7 21 9% 6813 337527 33254 23%
c x  6.62 108 116 11 20 3642 3 62491 15767 1.6 26 16 7 21 9% 6813 337459 33254 23%
c -  6.68 108 115 11 21 3642 3 62672 13600 1.6 26 16 7 22 9% 6813 337459 33254 23%
c ]  6.81 108 107 12 21 3644 3 66652 17287 1.7 27 16 7 22 8% 6816 337459 33254 23%
c {  6.81 108 119 12 21 3644 18 66652 17287 1.4 13 9 7 13 6% 6816 337459 33254 23%
c -  6.83 109 117 12 22 3721 18 67254 15072 1.4 13 9 7 13 6% 6820 337458 33254 23%
c -  6.97 110 120 12 23 4030 17 71946 16792 1.4 13 9 7 13 6% 6881 337456 33254 23%
c -  7.13 101 122 12 24 4347 16 76741 18535 1.4 13 9 7 13 6% 6921 337454 33254 23%
c }  7.17 103 122 13 24 4519 16 78132 19730 1.4 13 9 7 13 6% 6930 337452 33254 23%
c [  7.17 103 107 13 24 4519 3 78132 19730 1.7 27 16 7 22 8% 6930 337452 33254 23%
c B  7.17 103 107 13 24 4519 3 78132 19730 1.7 27 16 7 22 8% 6930 337452 33254 23%
c -  7.25 103 103 13 25 4521 3 81639 19947 1.6 27 17 7 22 8% 6940 337452 33254 23%
c o  7.30 104 103 13 25 4523 3 83559 21736 1.6 27 17 7 22 8% 6940 337452 33254 23%
c c  7.42 88 104 13 25 4524 3 84635 22725 1.6 28 17 7 22 8% 8600 334092 32414 23%
c d  7.43 88 104 13 25 4524 3 84635 22722 1.6 28 17 7 22 8% 6920 334092 32414 23%
c u  7.46 88 104 13 25 4524 3 84635 22287 1.6 28 17 7 22 8% 6920 334092 32414 23%
c v  7.50 105 104 13 25 4524 3 84635 21911 1.6 28 17 7 22 8% 6920 334092 32414 23%
c w  7.52 105 104 13 25 4524 3 84635 21889 1.6 28 17 7 22 8% 6920 334092 32414 23%
c x  7.54 106 104 13 25 4524 3 84635 21868 1.6 28 17 7 22 8% 6920 333948 32414 23%
c
c seconds     switched    rate         size/glue  tier1    binary          remaining
c         MB    reductions  conflicts        size   tier2     irredundant
c           level    restarts     redundant     glue   trail          variables
c
c t  7.57 106 104 13 25 4524 3 84635 21868 1.6 28 17 7 22 8% 6919 333948 32414 23%
c u  7.63 107 104 13 25 4524 3 84635 21032 1.6 28 17 7 22 8% 6919 333948 32414 23%
c v  7.65 107 104 13 25 4524 3 84635 20609 1.6 28 17 7 22 8% 6919 333948 32414 23%
c w  7.67 107 104 13 25 4524 3 84635 20551 1.6 28 17 7 22 8% 6919 333948 32414 23%
c x  7.69 107 104 13 25 4524 3 84635 20544 1.6 28 17 7 22 8% 6921 333785 32414 23%
c -  7.78 108 103 13 26 4524 3 86641 19356 1.6 28 17 7 23 8% 6923 333785 32414 23%
c ]  7.90 108 104 14 26 4525 3 90115 22492 1.6 28 17 7 23 9% 6923 333785 32414 23%
c {  7.90 108 122 14 26 4525 16 90115 22492 1.4 13 9 7 13 6% 6923 333785 32414 23%
c -  7.98 110 120 14 27 4760 16 91740 21035 1.4 13 9 7 13 6% 6936 333783 32414 23%
c -  8.16 106 120 14 28 5190 15 96936 22479 1.4 13 9 7 13 6% 7005 333782 32414 23%
c s  8.35 107 117 14 28 5518 15 101348 26096 1.4 13 10 7 13 6% 7049 333488 32414 23%
c e  8.53 110 117 14 28 5518 15 101348 26096 1.4 13 10 7 13 6% 5077 340834 30452 21%
c s  8.58 110 117 14 28 5518 15 101348 26096 1.4 13 10 7 13 6% 5099 340410 30452 21%
c ^  8.60 110 117 14 28 5518 15 101348 26096 1.4 13 10 7 13 6% 5099 340410 30452 21%
c -  8.64 110 117 14 29 5548 14 102229 21030 1.4 13 10 7 12 6% 5099 340410 30452 21%
c }  8.72 102 115 15 29 5735 14 104834 23119 1.4 14 10 7 12 6% 5099 340409 30452 21%
c [  8.72 102 104 15 29 5735 3 104834 23119 1.6 28 17 7 23 9% 5099 340409 30452 21%
c W  8.76 109 104 15 29 5735 3 104834 23119 1.6 28 17 7 23 9% 5099 340409 30452 21%
c -  8.83 110 103 15 30 5737 3 107614 23370 1.6 28 17 7 23 9% 5099 340405 30452 21%
c u  8.98 104 101 15 30 5738 3 110491 24143 1.6 28 17 7 23 9% 5101 340403 30452 21%
c
c seconds     switched    rate          size/glue  tier1    binary          remaining
c         MB    reductions  conflicts         size   tier2     irredundant
c           level    restarts      redundant     glue   trail          variables
c
c v  9.01 105 101 15 30 5738 3 110491 23504 1.6 28 17 7 23 9% 5101 340403 30452 21%
c w  9.03 106 101 15 30 5738 3 110491 23447 1.6 28 17 7 23 9% 5101 340403 30452 21%
c x  9.05 107 101 15 30 5738 3 110491 23426 1.6 28 17 7 23 9% 5101 340285 30452 21%
c -  9.16 107 98 15 31 5740 3 113091 23128 1.6 28 17 7 23 9% 5101 340285 30452 21%
c -  9.25 107 92 15 32 5742 3 118658 24417 1.6 28 17 7 22 8% 5101 340285 30452 21%
c -  9.34 108 87 15 33 5746 2 124314 24827 1.6 28 18 8 23 8% 5101 340285 30452 21%
c O  9.42 108 83 15 33 5748 2 129061 28858 1.6 28 18 8 23 7% 5101 340285 30452 21%
c o  9.42 108 83 15 33 5748 2 129061 28858 1.6 28 18 8 23 7% 5101 340285 30452 21%
c -  9.45 108 84 15 34 5748 2 130058 25411 1.6 28 18 8 23 7% 5102 340285 30452 21%
c ]  9.48 109 83 16 34 5749 2 132243 27234 1.6 28 18 8 23 8% 5102 340285 30452 21%
c {  9.48 109 115 16 34 5749 14 132243 27234 1.4 14 10 7 12 6% 5102 340285 30452 21%
c -  9.61 100 115 16 35 6074 14 135888 27572 1.4 14 10 7 12 6% 5102 340283 30452 21%
c d  9.75 105 115 16 35 6419 14 140190 31191 1.4 14 10 7 12 6% 5108 340278 30451 21%
c u  9.79 106 115 16 35 6419 14 140190 30857 1.4 14 10 7 12 6% 5108 340278 30451 21%
c v  9.82 107 115 16 35 6419 14 140190 30489 1.4 14 10 7 12 6% 5108 340278 30451 21%
c w  9.84 107 115 16 35 6419 14 140190 30436 1.4 14 10 7 12 6% 5108 340278 30451 21%
c x  9.86 108 115 16 35 6419 14 140190 30434 1.4 14 10 7 12 6% 5108 340093 30451 21%
c =  9.96 111 115 16 35 6419 14 140190 30434 1.4 14 10 7 12 6% 5116 340092 30447 21%
c d  9.97 111 115 16 35 6419 14 140190 30434 1.4 14 10 7 12 6% 5104 340092 30447 21%
c u 10.05 111 115 16 35 6419 14 140190 30189 1.4 14 10 7 12 6% 5104 340092 30447 21%
c
c seconds     switched     rate          size/glue  tier1    binary          remaining
c         MB    reductions   conflicts         size   tier2     irredundant
c           level    restarts       redundant     glue   trail          variables
c
c v 10.08 111 115 16 35 6419 14 140190 29799 1.4 14 10 7 12 6% 5104 340092 30447 21%
c w 10.10 111 115 16 35 6419 14 140190 29759 1.4 14 10 7 12 6% 5104 340092 30447 21%
c x 10.12 111 115 16 35 6419 14 140190 29745 1.4 14 10 7 12 6% 5104 340090 30447 21%
c - 10.22 102 114 16 36 6558 14 141804 28130 1.4 14 10 7 12 6% 5104 340090 30447 21%
c - 10.40 106 114 16 37 7117 14 147804 29913 1.4 14 10 7 12 6% 5108 340084 30447 21%
c } 10.49 107 112 17 37 7453 14 150581 32159 1.4 14 10 7 12 6% 5108 340084 30447 21%
c [ 10.49 107 83 17 37 7453 2 150581 32159 1.6 28 18 8 23 8% 5108 340084 30447 21%
c - 10.60 109 86 17 38 7455 2 153887 31667 1.6 28 18 8 23 8% 5111 340084 30447 21%
c B 10.67 109 90 17 38 7457 2 156802 34432 1.6 28 18 8 23 8% 5112 340084 30447 21%
c - 10.75 109 90 17 39 7459 2 160053 33167 1.6 28 18 8 23 8% 5119 340084 30447 21%
c - 10.84 110 87 17 40 7462 2 166297 34402 1.6 28 18 8 22 8% 5120 340084 30447 21%
c s 10.90 110 86 17 40 7462 2 166611 34694 1.6 28 18 8 22 8% 5128 339512 30447 21%
c e 11.09 114 86 17 40 7462 2 166611 34694 1.6 28 18 8 22 8% 5106 350156 28675 20%
c 2 11.09 114 86 17 40 7462 2 166611 34694 1.6 28 18 8 22 8% 5083 350156 28675 20%
c s 11.14 114 86 17 40 7462 2 166611 34694 1.6 28 18 8 22 8% 5120 346953 28675 20%
c e 11.18 114 86 17 40 7462 2 166611 34694 1.6 28 18 8 22 8% 5119 346968 28673 20%
c ^ 11.18 114 86 17 40 7462 2 166611 34694 1.6 28 18 8 22 8% 5119 346968 28673 20%
c - 11.29 100 82 17 41 7466 2 172622 33193 1.6 28 18 8 22 7% 5121 346968 28673 20%
c u 11.39 106 81 17 41 7466 2 173806 33038 1.6 28 18 8 22 7% 5143 346968 28673 20%
c v 11.43 107 81 17 41 7466 2 173806 32474 1.6 28 18 8 22 7% 5143 346968 28673 20%
c
c seconds    switched    rate          size/glue  tier1    binary          remaining
c         MB   reductions  conflicts         size   tier2     irredundant
c          level    restarts      redundant     glue   trail          variables
c
c w 11.45 108 81 17 41 7466 2 173806 30708 1.6 28 18 8 22 7% 5143 346968 28673 20%
c t 11.47 108 81 17 41 7466 2 173806 30708 1.6 28 18 8 22 7% 5124 346968 28673 20%
c - 11.62 109 80 17 42 7467 2 179025 31650 1.6 28 18 8 21 7% 5124 346962 28673 20%
c ] 11.64 109 80 18 42 7467 2 179640 32197 1.6 28 18 8 21 7% 5124 346962 28673 20%
c { 11.64 109 112 18 42 7467 14 179640 32197 1.4 14 10 7 12 6% 5124 346962 28673 20%
c o 11.65 109 112 18 42 7469 14 179731 32277 1.4 14 10 7 12 6% 5124 346961 28673 20%
c - 11.86 112 111 18 43 7765 13 185505 30851 1.4 14 10 6 12 6% 5136 346957 28673 20%
c - 12.07 107 110 18 44 8050 12 192062 31325 1.4 14 10 6 12 6% 5146 346953 28673 20%
c - 12.26 108 106 18 45 8606 12 198695 32694 1.4 14 10 6 12 6% 5158 346949 28673 20%
c } 12.38 109 105 19 45 8857 11 201985 35314 1.5 14 10 6 12 6% 5162 346942 28673 20%
c [ 12.38 109 80 19 45 8857 2 201985 35314 1.6 28 18 8 21 7% 5162 346942 28673 20%
c W 12.42 110 80 19 45 8857 2 201985 35314 1.6 28 18 8 21 7% 5162 346942 28673 20%
c - 12.49 111 79 19 46 8859 2 205404 34213 1.6 28 18 8 22 7% 5162 346941 28673 20%
c u 12.67 113 83 19 46 8863 2 211506 38996 1.6 29 18 8 22 8% 5166 346934 28673 20%
c v 12.71 114 83 19 46 8863 2 211506 38270 1.6 29 18 8 22 8% 5166 346934 28673 20%
c w 12.74 114 83 19 46 8863 2 211506 38241 1.6 29 18 8 22 8% 5166 346934 28673 20%
c x 12.77 114 83 19 46 8863 2 211506 38240 1.6 29 18 8 22 8% 5166 346932 28673 20%
c - 13.00 98 83 19 47 8863 2 212186 33815 1.6 29 18 8 22 8% 5166 346932 28673 20%
c - 13.22 106 86 19 48 8866 2 219041 34623 1.6 30 19 7 22 9% 5166 346919 28673 20%
c - 13.43 107 85 19 49 8870 2 225969 35497 1.6 31 19 7 22 8% 5166 346912 28673 20%
c
c seconds    switched    rate          size/glue  tier1    binary          remaining
c         MB   reductions  conflicts         size   tier2     irredundant
c          level    restarts      redundant     glue   trail          variables
c
c ] 13.55 107 84 20 49 8871 2 230641 39915 1.6 32 20 7 22 8% 5167 346910 28673 20%
c { 13.55 107 105 20 49 8871 11 230641 39915 1.5 14 10 6 12 6% 5167 346910 28673 20%
c - 13.64 109 103 20 50 9098 11 232970 36356 1.4 14 10 6 12 6% 5167 346897 28673 20%
c o 13.90 112 103 20 50 9632 11 239755 41797 1.4 14 10 6 12 6% 5170 346873 28673 20%
c - 13.91 112 102 20 51 9645 11 240041 38122 1.4 14 10 6 12 6% 5170 346873 28673 20%
c - 14.13 101 101 20 52 10429 11 247183 39805 1.4 14 10 6 12 6% 5170 346828 28673 20%
c s 14.41 108 100 20 52 11097 12 253127 44653 1.4 14 10 6 12 5% 5170 343905 28673 20%
c e 14.71 128 100 20 52 11097 12 253127 44653 1.4 14 10 6 12 5% 5081 422307 21491 15%
c 2 14.71 128 100 20 52 11097 12 253127 44653 1.4 14 10 6 12 5% 5079 422307 21491 15%
c s 14.80 128 100 20 52 11097 12 253127 44653 1.4 14 10 6 12 5% 5082 418547 21491 15%
c e 14.86 128 100 20 52 11097 12 253127 44653 1.4 14 10 6 12 5% 5081 418563 21490 15%
c ! 14.86 128 100 20 52 11097 12 253127 44653 1.4 14 10 6 12 5% 5081 418563 21490 15%
c u 14.96 117 99 20 52 11112 12 253289 25319 1.4 14 10 6 12 5% 5081 418563 21490 15%
c v 15.01 118 99 20 52 11112 12 253289 24181 1.4 14 10 6 12 5% 5081 418563 21490 15%
c w 15.04 118 99 20 52 11112 12 253289 24129 1.4 14 10 6 12 5% 5081 418563 21490 15%
c - 15.19 120 99 20 53 11189 11 254395 22677 1.4 14 10 6 12 5% 5082 418557 21490 15%
c } 15.27 121 98 21 53 11473 11 257381 25104 1.4 14 10 6 12 5% 5082 418541 21490 15%
c [ 15.27 121 84 21 53 11473 2 257381 25104 1.6 32 20 7 22 8% 5082 418541 21490 15%
c I 15.27 121 84 21 53 11473 2 257381 25104 1.6 32 20 7 22 8% 5082 418541 21490 15%
c - 15.41 122 89 21 54 11476 2 261677 26364 1.6 32 20 7 23 9% 5086 418525 21490 15%
c
c seconds    switched     rate          size/glue  tier1    binary          remaining
c         MB   reductions   conflicts         size   tier2     irredundant
c          level    restarts       redundant     glue   trail          variables
c
c - 15.62 124 92 21 55 11479 2 269026 28859 1.6 32 20 7 23 9% 5087 418519 21490 15%
c - 15.86 115 91 21 56 11485 2 276443 29837 1.6 33 20 7 23 9% 5089 418515 21490 15%
c - 16.06 116 87 21 57 11487 2 283928 30298 1.6 33 21 7 24 9% 5090 418514 21490 15%
c ] 16.15 116 85 22 57 11487 2 286800 32938 1.6 34 21 7 24 9% 5090 418514 21490 15%
c { 16.15 116 98 22 57 11487 11 286800 32938 1.4 14 10 6 12 5% 5090 418514 21490 15%
c - 16.49 123 97 22 58 12293 12 291478 31789 1.4 15 10 6 12 5% 5109 418498 21490 15%
c - 17.05 119 95 22 59 13865 12 299093 35687 1.4 15 10 6 12 5% 5138 418483 21490 15%
c u 17.18 122 94 22 59 13954 12 300003 35093 1.4 15 11 6 12 5% 5141 418480 21490 15%
c v 17.25 123 94 22 59 13954 12 300003 32741 1.4 15 11 6 12 5% 5141 418480 21490 15%
c w 17.28 123 94 22 59 13954 12 300003 32648 1.4 15 11 6 12 5% 5141 418480 21490 15%
c - 17.94 119 93 22 60 15258 12 306774 35395 1.4 15 11 6 12 6% 5170 418464 21490 15%
c o 18.17 120 92 22 60 15850 13 309757 38167 1.4 15 11 6 12 5% 5176 418460 21490 15%
c - 18.49 124 92 22 61 16502 12 314520 38285 1.4 16 11 6 13 6% 5204 418451 21490 15%
c } 18.82 121 93 23 61 17067 12 318316 41876 1.4 16 11 6 13 6% 5215 418442 21490 15%
c [ 18.83 121 85 23 61 17067 2 318316 41876 1.6 34 21 7 24 9% 5215 418442 21490 15%
c B 18.83 121 85 23 61 17067 2 318316 41876 1.6 34 21 7 24 9% 5215 418442 21490 15%
c - 18.97 124 90 23 62 17069 2 322330 39550 1.6 34 21 7 24 9% 5215 418427 21490 15%
c - 19.24 125 90 23 63 17073 2 330205 38735 1.6 34 21 7 24 10% 5219 418416 21490 15%
c - 19.40 111 87 23 64 17079 2 338142 37607 1.6 34 22 7 24 9% 5227 418409 21490 15%
c - 19.64 117 86 23 65 17081 2 346144 38341 1.6 34 21 7 24 10% 5228 418401 21490 15%
c
c seconds    switched     rate          size/glue  tier1     binary          remaining
c         MB   reductions   conflicts         size   tier2      irredundant
c          level    restarts       redundant     glue    trail          variables
c
c u 19.98 119 86 23 65 17081 2 351027 42217 1.6 35 22 7 24 10% 5228 418400 21490 15%
c v 20.05 121 86 23 65 17081 2 351027 40796 1.6 35 22 7 24 10% 5228 418400 21490 15%
c w 20.09 121 86 23 65 17081 2 351027 40726 1.6 35 22 7 24 10% 5228 418400 21490 15%
c x 20.15 122 86 23 65 17081 2 351027 40560 1.6 35 22 7 24 10% 5228 418350 21490 15%
c t 20.18 122 86 23 65 17081 2 351027 40560 1.6 35 22 7 24 10% 5227 418350 21490 15%
c - 20.32 123 86 23 66 17083 2 354207 37783 1.6 35 22 7 24 10% 5228 418345 21490 15%
c W 20.58 124 85 23 66 17088 2 362028 45116 1.6 35 22 7 24 10% 5232 418342 21490 15%
c - 20.60 124 85 23 67 17088 2 362333 39061 1.6 35 22 7 25 10% 5233 418342 21490 15%
c s 20.83 124 85 23 67 17088 2 364192 40838 1.6 35 22 7 25 10% 5233 412669 21490 15%
c e 20.91 125 85 23 67 17088 2 364192 40838 1.6 35 22 7 25 10% 5233 412685 21489 15%
c s 21.07 125 85 23 67 17088 2 364192 40838 1.6 35 22 7 25 10% 5233 412158 21489 15%
c - 21.32 114 85 23 68 17093 2 370519 39851 1.6 35 22 7 25 10% 5233 412155 21489 15%
c - 21.49 115 82 23 69 17096 2 378766 40735 1.6 36 22 7 25 10% 5234 412153 21489 15%
c - 21.70 116 81 23 70 17097 2 387072 40833 1.6 37 22 7 26 10% 5234 412152 21489 15%
c - 21.99 118 81 23 71 17097 2 395439 41423 1.7 38 23 7 26 10% 5238 412150 21489 15%
c ] 22.35 119 80 24 71 17098 2 403584 49265 1.7 40 24 7 26 11% 5242 412149 21489 15%
c { 22.35 119 93 24 71 17098 12 403584 49265 1.4 16 11 6 13 6% 5242 412149 21489 15%
c o 22.36 119 93 24 71 17102 13 403608 49287 1.4 16 11 6 13 6% 5242 412149 21489 15%
c - 22.39 121 93 24 72 17115 12 403865 42158 1.4 16 11 7 13 6% 5242 412148 21489 15%
c u 22.57 124 93 24 72 17211 12 406440 43227 1.4 16 11 7 13 6% 5242 412147 21489 15%
c
c seconds    switched      rate          size/glue  tier1    binary          remaining
c         MB   reductions    conflicts         size   tier2     irredundant
c          level    restarts        redundant     glue   trail          variables
c
c v 22.63 125 93 24 72 17211 12 406440 42202 1.4 16 11 7 13 6% 5242 412147 21489 15%
c w 22.66 125 93 24 72 17211 12 406440 42138 1.4 16 11 7 13 6% 5242 412147 21489 15%
c - 23.19 121 93 24 73 17514 12 412353 42334 1.4 16 11 7 13 6% 5242 412142 21489 15%
c - 23.45 124 93 24 74 17809 11 420897 45296 1.4 16 11 7 13 6% 5245 412125 21489 15%
c - 23.69 118 91 24 75 18182 11 429499 47322 1.4 16 11 7 13 6% 5248 412107 21489 15%
c - 23.86 121 88 24 76 18877 10 438159 47254 1.4 16 11 7 13 6% 5250 412100 21489 15%
c } 23.92 122 88 25 76 18962 10 440262 49015 1.4 16 11 7 13 6% 5250 412097 21489 15%
c [ 23.92 122 80 25 76 18962 2 440262 49015 1.7 40 24 7 26 11% 5250 412097 21489 15%
c O 23.92 122 80 25 76 18962 2 440262 49015 1.7 40 24 7 26 11% 5250 412097 21489 15%
c - 24.03 124 80 25 77 18966 2 446878 48189 1.7 39 23 7 26 10% 5251 412097 21489 15%
c - 24.14 124 80 25 78 18970 2 455652 50376 1.7 38 23 7 26 10% 5251 412096 21489 15%
c - 24.42 116 82 25 79 18975 2 464484 52106 1.7 38 22 7 26 10% 5251 412095 21489 15%
c u 24.55 119 83 25 79 18975 2 466215 52829 1.7 38 22 7 26 10% 5255 412095 21489 15%
c v 24.59 120 83 25 79 18975 2 466215 51581 1.7 38 22 7 26 10% 5255 412095 21489 15%
c w 24.62 120 83 25 79 18975 2 466215 51542 1.7 38 22 7 26 10% 5255 412095 21489 15%
c x 24.67 121 83 25 79 18975 2 466215 51542 1.7 38 22 7 26 10% 5255 411859 21489 15%
c - 24.84 122 80 25 80 18976 2 473372 51487 1.7 38 22 7 25 10% 5255 411859 21489 15%
c - 25.05 123 81 25 81 18982 2 482317 53015 1.7 37 22 7 25 10% 5264 411858 21489 15%
c ] 25.15 123 81 26 81 18983 2 485636 56103 1.7 37 22 7 25 10% 5266 411857 21489 15%
c { 25.15 123 88 26 81 18983 10 485636 56103 1.4 16 11 7 13 6% 5266 411857 21489 15%
c
c seconds    switched      rate          size/glue  tier1    binary          remaining
c         MB   reductions    conflicts         size   tier2     irredundant
c          level    restarts        redundant     glue   trail          variables
c
c - 25.39 118 88 26 82 19309 10 491317 54977 1.4 16 11 7 13 6% 5267 411853 21489 15%
c o 25.47 120 88 26 82 19416 10 493623 56802 1.4 16 11 7 13 6% 5267 411849 21489 15%
c s 25.87 117 88 26 82 19718 10 499834 62015 1.4 16 11 7 13 6% 5275 409270 21489 15%
c e 25.92 123 88 26 82 19718 10 499834 62015 1.4 16 11 7 13 6% 5275 409328 21485 15%
c s 26.05 123 88 26 82 19718 10 499834 62015 1.4 16 11 7 13 6% 5276 408660 21485 15%
c - 26.11 124 88 26 83 19784 10 500372 56391 1.4 16 11 7 13 6% 5276 408660 21485 15%
c - 26.33 119 84 26 84 20141 10 509482 57358 1.5 16 11 7 13 5% 5276 408660 21485 15%
c - 26.58 123 83 26 85 20540 9 518647 59116 1.5 16 11 7 13 5% 5277 408658 21485 15%
c } 26.83 125 81 27 85 20995 9 527854 66214 1.5 16 11 7 13 5% 5279 408654 21485 15%
c [ 26.83 125 81 27 85 20995 2 527854 66214 1.7 37 22 7 25 10% 5279 408654 21485 15%
c B 26.83 125 81 27 85 20995 2 527854 66214 1.7 37 22 7 25 10% 5279 408654 21485 15%
c - 26.84 125 81 27 86 20995 2 527866 60834 1.7 37 22 7 25 10% 5279 408654 21485 15%
c d 26.93 125 81 27 86 20997 2 530505 63321 1.7 37 22 7 25 10% 5277 408654 21484 15%
c u 27.01 126 81 27 86 20997 2 530505 61773 1.7 37 22 7 25 10% 5277 408654 21484 15%
c v 27.06 126 81 27 86 20997 2 530505 60737 1.7 37 22 7 25 10% 5277 408654 21484 15%
c w 27.09 126 81 27 86 20997 2 530505 60631 1.7 37 22 7 25 10% 5277 408654 21484 15%
c x 27.14 126 81 27 86 20997 2 530505 60629 1.7 37 22 7 25 10% 5277 408420 21484 15%
c t 27.17 126 81 27 86 20997 2 530505 60629 1.7 37 22 7 25 10% 5275 408420 21484 15%
c u 27.28 127 81 27 86 20997 2 530505 58312 1.7 37 22 7 25 10% 5275 408420 21484 15%
c v 27.32 127 81 27 86 20997 2 530505 57751 1.7 37 22 7 25 10% 5275 408420 21484 15%
c
c seconds    switched     rate          size/glue  tier1     binary          remaining
c         MB   reductions   conflicts         size   tier2      irredundant
c          level    restarts       redundant     glue    trail          variables
c
c w 27.35 127 81 27 86 20997 2 530505 57656 1.7 37 22 7 25 10% 5275 408420 21484 15%
c x 27.40 127 81 27 86 20997 2 530505 57651 1.7 37 22 7 25 10% 5275 408168 21484 15%
c - 27.60 113 80 27 87 21001 2 537139 56707 1.7 37 22 7 25 10% 5275 408167 21484 15%
c - 27.80 114 77 27 88 21006 2 546466 58270 1.7 36 22 7 25 9% 5277 408167 21484 15%
c - 28.12 118 76 27 89 21009 2 555846 59554 1.7 37 22 7 25 10% 5278 408167 21484 15%
c ] 28.57 119 76 28 89 21012 2 564401 67620 1.7 38 23 7 25 10% 5279 408167 21484 15%
c { 28.57 119 81 28 89 21012 9 564401 67620 1.5 16 11 7 13 5% 5279 408167 21484 15%
c - 28.60 120 81 28 90 21048 9 565279 59225 1.5 16 11 7 13 5% 5279 408167 21484 15%
c - 28.92 125 80 28 91 21530 9 574766 61192 1.5 16 11 7 13 5% 5280 408162 21484 15%
c - 29.29 123 81 28 92 22086 9 584305 64058 1.5 16 11 7 13 5% 5285 408158 21484 15%
c o 29.67 125 81 28 92 22657 9 593756 71438 1.5 16 11 7 13 5% 5288 408157 21484 15%
c - 29.69 126 81 28 93 22661 9 593898 66033 1.5 16 11 7 13 5% 5288 408157 21484 15%
c c 29.98 96 81 28 93 23068 9 599310 70523 1.5 16 11 7 13 5% 5289 408146 21483 15%
c d 29.99 96 81 28 93 23068 9 599310 70523 1.5 16 11 7 13 5% 5287 408146 21483 15%
c u 30.10 120 81 28 93 23068 9 599310 66144 1.5 16 11 7 13 5% 5307 408146 21483 15%
c v 30.16 121 81 28 93 23068 9 599310 64340 1.5 16 11 7 13 5% 5307 408146 21483 15%
c w 30.19 122 81 28 93 23068 9 599310 64266 1.5 16 11 7 13 5% 5307 408146 21483 15%
c x 30.25 123 81 28 93 23068 9 599310 64263 1.5 16 11 7 13 5% 5307 407466 21483 15%
c t 30.28 123 81 28 93 23068 9 599310 64263 1.5 16 11 7 13 5% 5306 407466 21483 15%
c u 30.39 124 81 28 93 23068 9 599310 62529 1.5 16 11 7 13 5% 5306 407466 21483 15%
c
c seconds    switched     rate          size/glue  tier1    binary          remaining
c         MB   reductions   conflicts         size   tier2     irredundant
c          level    restarts       redundant     glue   trail          variables
c
c v 30.45 124 81 28 93 23068 9 599310 61478 1.5 16 11 7 13 5% 5306 407466 21483 15%
c w 30.48 124 81 28 93 23068 9 599310 61384 1.5 16 11 7 13 5% 5306 407466 21483 15%
c x 30.54 125 81 28 93 23068 9 599310 61384 1.5 16 11 7 13 5% 5306 406604 21483 15%
c - 31.03 120 82 28 94 23275 9 603541 60391 1.5 16 11 7 13 5% 5306 406603 21483 15%
c } 31.35 124 82 29 94 23734 9 612540 67559 1.5 16 11 7 13 5% 5309 406599 21483 15%
c [ 31.35 124 76 29 94 23734 2 612540 67559 1.7 38 23 7 25 10% 5309 406599 21483 15%
c W 31.41 124 76 29 94 23734 2 612540 67559 1.7 38 23 7 25 10% 5309 406599 21483 15%
c - 31.44 125 76 29 95 23734 2 613238 64017 1.7 38 23 7 26 10% 5309 406599 21483 15%
c - 31.63 125 75 29 96 23740 2 622985 65382 1.6 38 23 7 26 9% 5309 406599 21483 15%
c - 31.78 126 73 29 97 23746 2 632783 64895 1.6 38 23 7 26 9% 5309 406599 21483 15%
c - 32.04 110 70 29 98 23748 2 642633 64625 1.6 39 24 7 26 8% 5309 406599 21483 15%
c - 32.35 111 68 29 99 23752 2 652533 63924 1.6 40 25 7 27 8% 5309 406599 21483 15%
c s 32.79 111 66 29 99 23757 2 661606 72380 1.6 41 25 7 27 8% 5309 406490 21483 15%
c s 33.00 122 66 29 99 23757 2 661606 72380 1.6 41 25 7 27 8% 5309 406478 21483 15%
c - 33.07 122 66 29 100 23758 2 662482 64111 1.6 41 25 7 27 8% 5309 406478 21483 15%
c - 33.39 122 65 29 101 23763 2 672482 64567 1.6 42 26 7 27 8% 5309 406478 21483 15%
c u 33.48 123 65 29 101 23763 2 672711 63747 1.6 42 26 7 27 8% 5309 406478 21483 15%
c v 33.52 123 65 29 101 23763 2 672711 62832 1.6 42 26 7 27 8% 5309 406478 21483 15%
c w 33.57 123 65 29 101 23763 2 672711 62614 1.6 42 26 7 27 8% 5309 406478 21483 15%
c x 33.64 125 65 29 101 23763 2 672711 62614 1.6 42 26 7 27 8% 5309 398982 21483 15%
c
c seconds    switched      rate          size/glue  tier1    binary          remaining
c         MB   reductions    conflicts         size   tier2     irredundant
c          level     restarts       redundant     glue   trail          variables
c
c I 33.76 125 64 29 101 23763 2 675090 64804 1.6 43 26 7 27 8% 5309 398982 21483 15%
c ] 33.76 125 64 30 101 23763 2 675090 64804 1.6 43 26 7 27 8% 5309 398982 21483 15%
c { 33.76 125 82 30 101 23763 9 675090 64804 1.5 16 11 7 13 5% 5309 398982 21483 15%
c - 34.07 124 82 30 102 24152 8 682533 64787 1.5 16 11 7 13 5% 5313 398980 21483 15%
c - 34.43 114 82 30 103 24634 8 692633 67694 1.5 16 11 7 13 6% 5314 398975 21483 15%
c - 34.78 124 83 30 104 25069 8 702781 69382 1.5 16 11 7 13 6% 5314 398969 21483 15%
c o 34.81 124 82 30 104 25100 8 703998 70342 1.5 16 11 7 13 6% 5314 398969 21483 15%
c - 35.12 121 81 30 105 25524 8 712980 70905 1.5 16 11 7 13 6% 5315 398969 21483 15%
c - 35.43 124 81 30 106 26078 8 723226 71953 1.5 16 11 7 13 5% 5316 398968 21483 15%
c } 35.63 125 80 31 106 26479 8 729524 76878 1.5 16 11 7 13 5% 5316 398968 21483 15%
c [ 35.63 125 64 31 106 26479 2 729524 76878 1.6 43 26 7 27 8% 5316 398968 21483 15%
c - 35.73 125 66 31 107 26481 2 733522 72937 1.6 42 26 7 27 8% 5316 398967 21483 15%
c B 36.00 114 66 31 107 26486 2 742772 81693 1.6 42 26 7 27 8% 5317 398967 21483 15%
c - 36.03 115 66 31 108 26487 2 743867 73796 1.6 41 26 7 27 8% 5317 398967 21483 15%
c u 36.26 119 66 31 108 26491 2 750655 79126 1.6 41 25 7 27 8% 5317 398966 21483 15%
c v 36.32 120 66 31 108 26491 2 750655 77968 1.6 41 25 7 27 8% 5317 398966 21483 15%
c w 36.36 120 66 31 108 26491 2 750655 77883 1.6 41 25 7 27 8% 5317 398966 21483 15%
c x 36.42 121 66 31 108 26491 2 750655 77874 1.6 41 25 7 27 8% 5317 398759 21483 15%
c - 36.52 121 66 31 109 26492 2 754259 72259 1.6 41 25 7 27 8% 5317 398758 21483 15%
c - 36.76 122 65 31 110 26494 2 764699 72783 1.6 40 25 7 27 7% 5317 398758 21483 15%
c
c seconds    switched      rate          size/glue  tier1    binary          remaining
c         MB   reductions    conflicts         size   tier2     irredundant
c          level     restarts       redundant     glue   trail          variables
c
c - 37.02 122 63 31 111 26500 2 775188 72903 1.6 40 25 7 27 7% 5317 398758 21483 15%
c - 37.30 122 62 31 112 26507 2 785723 71565 1.6 40 25 7 27 7% 5317 398758 21483 15%
c ] 37.62 123 60 32 112 26508 2 796048 81369 1.6 41 26 7 27 6% 5317 398758 21483 15%
c { 37.62 123 80 32 112 26508 8 796048 81369 1.5 16 11 7 13 5% 5317 398758 21483 15%
c - 37.65 123 80 32 113 26559 8 796307 69440 1.5 16 11 7 13 5% 5317 398758 21483 15%
c - 38.04 118 80 32 114 27140 8 806937 70699 1.5 16 11 7 13 5% 5321 398756 21483 15%
c - 38.42 124 79 32 115 27796 8 817614 72919 1.5 17 11 7 13 5% 5321 398753 21483 15%
c o 38.66 126 79 32 115 28173 8 824058 78094 1.5 17 11 7 13 5% 5323 398747 21483 15%
c - 38.85 121 79 32 116 28389 8 828337 74281 1.5 17 11 7 13 5% 5323 398747 21483 15%
c u 39.07 124 78 32 116 28631 8 833313 76312 1.5 17 11 7 13 5% 5323 398744 21483 15%
c v 39.13 125 78 32 116 28631 8 833313 74870 1.5 17 11 7 13 5% 5323 398744 21483 15%
c w 39.17 125 78 32 116 28631 8 833313 74836 1.5 17 11 7 13 5% 5323 398744 21483 15%
c x 39.23 125 78 32 116 28631 8 833313 74810 1.5 17 11 7 13 5% 5323 398156 21483 15%
c - 39.51 123 79 32 117 28880 8 839109 73047 1.5 17 11 7 13 5% 5323 398155 21483 15%
c - 39.94 122 78 32 118 29554 8 849927 67440 1.5 17 11 6 13 5% 5327 398152 21483 15%
c s 40.15 122 78 32 118 29612 8 850910 68166 1.5 17 11 6 13 5% 5328 395894 21483 15%
c e 40.28 127 78 32 118 29612 8 850910 68166 1.5 17 11 6 13 5% 5328 396180 21465 15%
c s 40.46 127 78 32 118 29612 8 850910 68166 1.5 17 11 6 13 5% 5328 394659 21465 15%
c e 40.52 127 78 32 118 29612 8 850910 68166 1.5 17 11 6 13 5% 5328 396321 21357 15%
c } 40.74 121 77 33 118 29938 7 857152 72923 1.5 17 11 6 13 5% 5328 396321 21357 15%
c
c seconds    switched      rate          size/glue  tier1    binary          remaining
c         MB   reductions    conflicts         size   tier2     irredundant
c          level     restarts       redundant     glue   trail          variables
c
c [ 40.74 121 60 33 118 29938 2 857152 72923 1.6 41 26 7 27 6% 5328 396321 21357 15%
c W 40.79 124 60 33 118 29938 2 857152 72923 1.6 41 26 7 27 6% 5328 396321 21357 15%
c - 40.89 124 60 33 119 29940 2 860791 65471 1.6 41 26 7 27 6% 5328 396321 21357 15%
c - 41.12 125 59 33 120 29946 2 871701 63531 1.6 40 26 7 27 6% 5328 396321 21357 15%
c - 41.54 112 57 33 121 29951 2 882658 62063 1.6 40 26 7 27 6% 5328 396321 21357 15%
c - 41.97 113 56 33 122 29955 2 893659 60109 1.6 41 26 7 27 6% 5328 396321 21357 15%
c - 42.48 114 55 33 123 29961 2 904706 59468 1.6 42 26 7 27 6% 5328 396321 21357 15%
c ] 42.76 114 54 34 123 29966 2 914083 67846 1.6 41 27 7 27 6% 5328 396321 21357 15%
c { 42.76 114 77 34 123 29966 7 914083 67846 1.5 17 11 6 13 5% 5328 396321 21357 15%
c - 42.80 116 77 34 124 30033 7 915797 59692 1.5 17 11 6 13 5% 5328 396320 21357 15%
c u 42.96 121 74 34 124 30033 7 920733 60919 1.5 17 11 6 13 5% 5328 396320 21357 15%
c v 43.04 121 74 34 124 30033 7 920733 59464 1.5 17 11 6 13 5% 5328 396320 21357 15%
c w 43.07 122 74 34 124 30033 7 920733 59364 1.5 17 11 6 13 5% 5328 396320 21357 15%
c x 43.15 123 74 34 124 30033 7 920733 59314 1.5 17 11 6 13 5% 5328 393923 21357 15%
c t 43.17 123 74 34 124 30033 7 920733 59314 1.5 17 11 6 13 5% 5327 393923 21357 15%
c - 43.42 118 72 34 125 30129 7 926932 57313 1.5 16 11 6 12 5% 5327 393923 21357 15%
c - 43.66 120 69 34 126 30258 6 938113 59716 1.5 16 11 6 12 5% 5330 393923 21357 15%
c - 43.98 123 66 34 127 30381 6 949337 62592 1.5 16 11 6 12 5% 5332 393923 21357 15%
c o 44.18 124 66 34 127 30543 6 954157 66525 1.5 16 11 6 12 5% 5332 393923 21357 15%
c - 44.44 122 66 34 128 30754 6 960607 65952 1.5 16 11 6 12 5% 5332 393923 21357 15%
c
c seconds    switched      rate          size/glue  tier1    binary          remaining
c         MB   reductions    conflicts         size   tier2     irredundant
c          level     restarts       redundant     glue   trail          variables
c
c - 44.80 124 63 34 129 31151 6 971923 68817 1.5 16 10 6 12 5% 5332 393923 21357 15%
c } 45.16 121 63 35 129 31406 6 982229 76677 1.6 16 10 6 12 5% 5333 393923 21357 15%
c [ 45.16 121 54 35 129 31406 2 982229 76677 1.6 41 27 7 27 6% 5333 393923 21357 15%
c O 45.16 121 54 35 129 31406 2 982229 76677 1.6 41 27 7 27 6% 5333 393923 21357 15%
c - 45.19 121 53 35 130 31406 2 983282 71444 1.6 41 26 7 27 6% 5333 393923 21357 15%
c - 45.30 122 50 35 131 31412 2 994684 74039 1.6 39 25 8 27 6% 5333 393923 21357 15%
c - 45.45 123 48 35 132 31419 2 1006129 75542 1.6 37 24 8 27 6% 5333 393923 21357 15%
c u 45.77 119 51 35 132 31420 2 1012890 79212 1.6 37 24 8 27 6% 5334 393923 21357 15%
c v 45.83 121 51 35 132 31420 2 1012890 73655 1.6 37 24 8 27 6% 5334 393923 21357 15%
c w 45.87 121 51 35 132 31420 2 1012890 73645 1.6 37 24 8 27 6% 5334 393923 21357 15%
c x 45.92 121 51 35 132 31420 2 1012890 73629 1.6 37 24 8 27 6% 5334 393682 21357 15%
c - 46.05 122 52 35 133 31422 2 1017619 69363 1.6 37 24 8 26 6% 5334 393682 21357 15%
c - 46.36 125 55 35 134 31427 2 1029151 71247 1.6 36 23 8 26 6% 5336 393682 21357 15%
c - 46.53 111 52 35 135 31434 2 1040726 71869 1.5 35 23 8 26 6% 5336 393682 21357 15%
c - 46.86 117 54 35 136 31436 2 1052344 73167 1.6 35 22 8 26 6% 5336 393682 21357 15%
c - 47.23 118 54 35 137 31436 2 1064005 71684 1.5 35 23 8 26 6% 5336 393682 21357 15%
c B 47.31 118 54 35 137 31436 2 1066266 73770 1.5 35 23 8 26 6% 5336 393682 21357 15%
c s 47.51 119 55 35 137 31438 2 1068725 76117 1.5 35 23 8 26 6% 5337 393215 21357 15%
c e 47.59 125 55 35 137 31438 2 1068725 76117 1.5 35 23 8 26 6% 5337 393245 21355 15%
c s 47.64 125 55 35 137 31438 2 1068725 76117 1.5 35 23 8 26 6% 5337 393222 21355 15%
c
c seconds    switched      rate           size/glue  tier1    binary          remaining
c         MB   reductions     conflicts         size   tier2     irredundant
c          level     restarts        redundant     glue   trail          variables
c
c ] 47.67 107 55 36 137 31438 2 1068751 76137 1.5 35 23 8 26 6% 5337 393222 21355 15%
c { 47.67 107 63 36 137 31438 6 1068751 76137 1.6 16 10 6 12 5% 5337 393222 21355 15%
c - 47.96 125 63 36 138 31953 6 1075709 71923 1.5 16 10 6 12 5% 5338 393222 21355 15%
c - 48.36 124 64 36 139 32626 6 1087458 74204 1.5 16 10 6 12 5% 5340 393222 21355 15%
c o 48.63 115 64 36 139 33206 6 1094368 79739 1.5 16 10 6 12 5% 5341 393222 21355 15%
c - 48.82 123 64 36 140 33474 6 1099247 75827 1.5 16 10 6 12 5% 5341 393222 21355 15%
c u 49.25 121 64 36 140 34299 6 1109913 79590 1.5 16 11 6 12 5% 5354 393222 21355 15%
c v 49.32 122 64 36 140 34299 6 1109913 77563 1.5 16 11 6 12 5% 5354 393222 21355 15%
c w 49.36 122 64 36 140 34299 6 1109913 77456 1.5 16 11 6 12 5% 5354 393222 21355 15%
c x 49.43 122 64 36 140 34299 6 1109913 77449 1.5 16 11 6 12 5% 5354 391700 21355 15%
c - 49.89 114 64 36 141 34396 6 1111080 71869 1.5 16 11 6 12 5% 5354 391700 21355 15%
c - 50.21 124 64 36 142 35265 6 1122954 74049 1.5 16 11 6 12 5% 5354 391700 21355 15%
c - 50.58 119 63 36 143 35938 6 1134870 76819 1.5 16 11 6 12 5% 5355 391700 21355 15%
c } 51.00 122 64 37 143 36678 6 1144307 84834 1.5 16 11 6 12 5% 5356 391700 21355 15%
c [ 51.00 122 55 37 143 36678 2 1144307 84834 1.5 35 23 8 26 6% 5356 391700 21355 15%
c - 51.07 123 54 37 144 36680 2 1146828 79409 1.5 35 23 8 26 6% 5356 391700 21355 15%
c W 51.31 123 54 37 144 36684 2 1156066 87157 1.5 35 23 8 26 6% 5356 391700 21355 15%
c - 51.34 123 54 37 145 36686 2 1158829 79400 1.5 35 23 8 26 6% 5356 391700 21355 15%
c - 51.73 125 56 37 146 36692 2 1170870 77619 1.5 36 24 8 26 7% 5356 391700 21355 15%
c - 52.31 113 59 37 147 36696 2 1182957 73768 1.5 41 26 8 27 8% 5356 391700 21355 15%
c
c seconds    switched      rate           size/glue  tier1    binary          remaining
c         MB   reductions     conflicts         size   tier2     irredundant
c          level     restarts        redundant     glue   trail          variables
c
c - 52.95 116 61 37 148 36703 2 1195082 71018 1.6 44 28 8 28 9% 5356 391700 21355 15%
c - 53.36 118 62 37 149 36707 2 1207248 72323 1.6 44 28 8 28 9% 5356 391700 21355 15%
c u 53.69 122 63 37 149 36708 2 1211791 74353 1.6 45 29 8 28 9% 5356 391700 21355 15%
c v 53.77 122 63 37 149 36708 2 1211791 72849 1.6 45 29 8 28 9% 5356 391700 21355 15%
c w 53.83 124 63 37 149 36708 2 1211791 72582 1.6 45 29 8 28 9% 5356 391700 21355 15%
c x 53.91 124 63 37 149 36708 2 1211791 72580 1.6 45 29 8 28 9% 5356 390016 21355 15%
c ] 53.97 125 63 38 149 36708 2 1211946 72727 1.6 45 29 8 28 9% 5356 390016 21355 15%
c { 53.97 125 64 38 149 36708 6 1211946 72727 1.5 16 11 6 12 5% 5356 390016 21355 15%
c - 54.44 122 65 38 150 38077 7 1219454 72020 1.5 16 11 6 12 5% 5375 390016 21355 15%
c - 55.24 125 66 38 151 40204 7 1231702 76061 1.5 17 11 6 12 5% 5400 390016 21355 15%
c - 56.18 124 66 38 152 42121 7 1243990 80701 1.5 17 11 6 12 5% 5421 390016 21355 15%
c o 56.22 124 66 38 152 42231 7 1244473 81102 1.5 17 12 6 12 5% 5421 390016 21355 15%
c - 57.31 123 67 38 153 44202 8 1256318 84325 1.5 18 12 6 12 6% 5439 390016 21355 15%
c - 58.14 120 68 38 154 45737 8 1268687 86511 1.5 18 12 6 13 6% 5460 390016 21355 15%
c - 58.99 125 67 38 155 47575 8 1281096 87517 1.5 18 12 6 13 6% 5476 390016 21355 15%
c - 59.82 126 67 38 156 48802 8 1293545 87190 1.5 19 12 6 13 6% 5487 390016 21355 15%
c } 59.98 119 67 39 156 48904 8 1295279 88822 1.5 19 12 6 13 6% 5489 390016 21355 15%
c [ 59.98 119 63 39 156 48904 2 1295279 88822 1.6 45 29 8 28 9% 5489 390016 21355 15%
c I 59.98 119 63 39 156 48904 2 1295279 88822 1.6 45 29 8 28 9% 5489 390016 21355 15%
c ] 59.99 120 63 39 156 48904 2 1295404 88941 1.6 45 29 8 28 9% 5489 390016 21355 15%
c
c seconds    switched      rate           size/glue  tier1    binary          remaining
c         MB   reductions     conflicts         size   tier2     irredundant
c          level     restarts        redundant     glue   trail          variables
c
c ? 59.99 120 67 39 156 48904 8 1295404 88941 1.5 19 12 6 13 6% 5489 390016 21355 15%
c
c ---- [ result ] ------------------------------------------------------------
c
s UNKNOWN
c
c ---- [ profiling ] ---------------------------------------------------------
c
c          45.35   75.60 %  search
c          25.98   43.31 %  focused
c          19.37   32.29 %  stable
c          14.35   23.92 %  simplify
c           9.78   16.31 %  probe
c           5.01    8.34 %  vivify
c           4.44    7.40 %  eliminate
c           2.02    3.36 %  subsume
c           1.42    2.37 %  sweep
c           1.41    2.35 %  substitute
c           1.07    1.79 %  reduce
c           0.87    1.46 %  factor
c           0.78    1.30 %  congruence
c           0.32    0.54 %  walking
c           0.21    0.35 %  preprocess
c           0.19    0.32 %  transitive
c           0.10    0.17 %  backbone
c           0.05    0.09 %  parse
c           0.02    0.04 %  lucky
c =============================================
c          59.99  100.00 %  total
c
c ---- [ statistics ] --------------------------------------------------------
c
c backbone_computations:                   67            19334    interval
c backbone_ticks:                    10808513 
c chronological:                         5370                0 %  conflicts
c clauses_added:                      2763755              100 %  added
c clauses_binary:                        5489                0 %  added
c clauses_irredundant:                 390016               14 %  added
c clauses_learned:                    1215547               94 %  conflicts
c clauses_original:                    524773               19 %  added
c clauses_redundant:                    88941 
c clauses_used:                       5001135              411 %  learned
c clauses_used_focused:               1378541               28 %  used
c clauses_used_stable:                3622594               72 %  used
c closures:                                11           117764    interval
c conflicts:                          1295404            21593.20 per second
c congruent:                            13537                9 %  variables
c congruent_gates:                     802961            72996.45 per closure
c congruent_gates_ands:                155475               19 %  gates
c congruent_gates_ites:                175379               22 %  gates
c congruent_gates_xors:                472107               59 %  gates
c congruent_matched:                    42167              311 %  congruent
c congruent_matched_ands:                   0                0 %  matched
c congruent_matched_ites:                   0                0 %  matched
c congruent_matched_xors:               42167              100 %  matched
c decisions:                          5989082                4.62 per conflict
c eliminated:                          108350               75 %  variables
c eliminate_resolutions:             19496792           324993.66 per second
c eliminations:                            11           117764    interval
c factored:                                25                0 %  variables
c factorizations:                          29            44669    interval
c factor_ticks:                      59697414 
c fast_eliminated:                          0                0 %  eliminated
c fast_strengthened:                        0                0 %  per strengthened
c fast_subsumed:                            0                0 %  per subsumed
c forward_checks:                   383262367 
c forward_steps:                    494417752                1.29 per check
c iterations:                               0                0 %  variables
c kitten_propagations:               38888053               49.23 per solved
c kitten_solved:                       789960 
c kitten_ticks:                     144626700                3.72 per prop
c literals_factor:                     450306                3.14 per variable
c probings:                                26            49823    interval
c probing_ticks:                    426222373 
c propagations:                     349396327          5824117    per second
c random_sequences:                       469             2762    interval
c reductions:                             156             8304    interval
c reordered:                               16            80963    interval
c rephased:                                27            47978    interval
c restarts:                             48904               26    interval
c retiered:                                33            39255    interval
c searches:                                 1          1295404    interval
c search_ticks:                    3688810776 
c strengthened:                         86913                0 %  checks
c substituted:                          13550                9 %  variables
c substitute_ticks:                  25854364 
c subsumed:                             27720                0 %  checks
c subsumption_checks:               383262367 
c sweep:                                    9           143934    interval
c sweep_completed:                          0                0.00 sweeps
c sweep_equivalences:                       4                0 %  variables
c sweep_solved:                        108026               14 %  kitten_solved
c sweep_units:                              0                0 %  variables
c switched:                                39            33215    interval
c transitive_ticks:                  30357973 
c units:                                  300                0 %  variables
c variables_activated:                 143555                1.00 per variable
c variables_eliminate:                 351869                2.45 variables
c variables_extension:                     25                0.00 per variable
c variables_factor:                         0                0.00 per variable
c variables_original:                  143530                1.00 per variable
c variables_subsume:                   249236                1.74 per variable
c vivifications:                           33            39255    interval
c vivified:                            142312               24 %  checks
c vivify_checks:                       593995            18000    per vivify
c vivify_probes:                      4662383                7.85 per check
c vivify_reused:                      1868464               40 %  probes
c walks:                                    9           143934    interval
c walk_steps:                        60183249 
c warming_decisions:                     5020              557.78 per walk
c warming_propagations:                453523                0 %  propagations
c warmups:                                  9              100 %  walks
c
c ---- [ glue usage ] --------------------------------------------------------
c
c focused glue 6    used 118927 clauses  8.63% accumulated 52.43% tier1
c focused glue 7    used 123029 clauses  8.92% accumulated 61.36%
c focused glue 8-11 used 338777 clauses 24.58% accumulated 85.93%
c focused glue 12   used  45755 clauses  3.32% accumulated 89.25%
c focused glue 13   used  34585 clauses  2.51% accumulated 91.76% tier2
c
c stable glue 8     used  161676 clauses  4.46% accumulated 53.40% tier1
c stable glue 9     used  148910 clauses  4.11% accumulated 57.51%
c stable glue 10-26 used 1147578 clauses 31.68% accumulated 89.19%
c stable glue 27    used   25877 clauses  0.71% accumulated 89.91%
c stable glue 28    used   22802 clauses  0.63% accumulated 90.53% tier2
c
c ---- [ resources ] ---------------------------------------------------------
c
c maximum-resident-set-size:        147558400 bytes        141 MB
c process-time:                             1m              59.99 seconds
c
c ---- [ shutting down ] -----------------------------------------------------
c
c exit 0
