c ---- [ banner ] ------------------------------------------------------------
c
c Kissat SAT Solver
c 
c Copyright (c) 2021-2024 Armin Biere University of Freiburg
c Copyright (c) 2019-2021 Armin Biere Johannes Kepler University Linz
c 
c Version 4.0.4 unknown
c gcc (Ubuntu 15.2.0-16ubuntu1) 15.2.0 -W -Wall -O3 -DNDEBUG
c Sat Sep 5 21:05:05 EDT 2026 Linux server7 7.0.0-29-generic x86_64
c
c ---- [ parsing ] -----------------------------------------------------------
c
c opened and reading DIMACS file:
c
c   /home/mjbommar/p4dfa-cnf/string1x8.4._bit8_na6_nr3_paired.cnf
c
c parsed 'p cnf 40548 150293' header
c closing input after reading 2844980 bytes (3 MB)
c finished parsing after 0.02 seconds
c
c ---- [ options ] -----------------------------------------------------------
c
c --statistics=true                (different from default 'false')
c
c ---- [ solving ] -----------------------------------------------------------
c
c seconds switched rate     size/glue tier1  binary           remaining
c        MB reductions conflicts size  tier2     irredundant
c         level restarts redundant glue  trail           variables
c
c *  0.02 15 0 0 0  0 0   0   0 0.0 0 0 0 0 0% 32494 117709 40248 99%
c (  0.02 15 0 0 0  0 0   0   0 0.0 0 0 0 0 0% 32494 117709 40248 99%
c .  0.02 15 0 0 0  0 0   0   0 0.0 0 0 0 0 0% 33208 115543 40248 99%
c c  0.05 23 0 0 0  0 0   0   0 0.0 0 0 0 0 0% 33264 115471 39838 98%
c d  0.06 23 0 0 0  0 0   0   0 0.0 0 0 0 0 0% 32484 115399 39838 98%
c f  0.10 26 0 0 0  0 0   0   0 0.0 0 0 0 0 0% 32352 115399 39844 98%
c )  0.10 26 0 0 0  0 0   0   0 0.0 0 0 0 0 0% 32352 115399 39844 98%
c {  0.10 26 0 0 0  0 0   0   0 0.0 0 0 2 6 0% 32352 115399 39844 98%
c -  0.14 26 217 0 1 147 25 1003 815 1.8 8 5 3 8 15% 32389 115399 39844 98%
c }  0.14 26 217 1 1 147 25 1003 815 1.8 8 5 3 8 15% 32389 115399 39844 98%
c [  0.14 26 0 1 1 147 0 1003 815 0.0 0 0 2 6 0% 32389 115399 39844 98%
c B  0.14 26 0 1 1 147 0 1003 815 0.0 0 0 2 6 0% 32389 115399 39844 98%
c -  0.17 27 224 1 2 147 12 2004 1653 2.3 22 10 6 19 16% 32423 115398 39844 98%
c W  0.18 27 224 1 2 147 12 2004 1653 2.3 22 10 6 19 16% 32423 115398 39844 98%
c u  0.23 32 164 1 2 148 9 2514 1819 2.1 24 12 6 19 12% 32430 115398 39844 98%
c v  0.24 32 164 1 2 148 9 2514 1701 2.1 24 12 6 19 12% 32430 115398 39844 98%
c w  0.24 32 164 1 2 148 9 2514 1697 2.1 24 12 6 19 12% 32430 115398 39844 98%
c x  0.24 32 164 1 2 148 9 2514 1697 2.1 24 12 6 19 12% 32446 115356 39844 98%
c d  0.25 32 164 1 2 148 9 2514 1694 2.1 24 12 6 19 12% 32443 115356 39842 98%
c t  0.25 32 164 1 2 148 9 2514 1694 2.1 24 12 6 19 12% 32442 115356 39842 98%
c
c seconds   switched  rate       size/glue  tier1     binary           remaining
c        MB  reductions conflicts      size   tier2       irredundant
c          level restarts   redundant     glue    trail           variables
c
c u  0.26 32 164 1 2 148 9 2514 1503 2.1 24 12 6 19 12% 32446 115356 39842 98%
c v  0.27 32 164 1 2 148 9 2514 1386 2.1 24 12 6 19 12% 32446 115356 39842 98%
c w  0.27 32 164 1 2 148 9 2514 1376 2.1 24 12 6 19 12% 32446 115356 39842 98%
c x  0.27 32 164 1 2 148 9 2514 1376 2.1 24 12 6 19 12% 32448 115321 39842 98%
c ]  0.30 32 152 2 2 148 8 2703 1550 1.9 27 14 6 19 11% 32450 115321 39842 98%
c {  0.30 32 217 2 2 148 25 2703 1550 1.8 8 5 3 8 15% 32450 115321 39842 98%
c -  0.33 33 184 2 3 186 19 3418 1878 1.9 8 4 3 8 17% 32497 115321 39842 98%
c }  0.34 33 172 3 3 207 18 3703 2132 1.9 8 4 3 8 17% 32514 115321 39842 98%
c [  0.34 33 152 3 3 207 8 3703 2132 1.9 27 14 6 19 11% 32514 115321 39842 98%
c I  0.34 33 127 3 3 207 7 4263 2619 1.9 24 13 6 19 11% 32521 115321 39842 98%
c -  0.37 33 160 3 4 208 6 5150 3095 1.9 22 12 6 20 18% 32526 115321 39842 98%
c ]  0.38 33 162 4 4 208 6 5224 3165 1.9 22 12 6 20 18% 32526 115321 39842 98%
c {  0.38 33 172 4 4 208 18 5224 3165 1.9 8 4 3 8 17% 32526 115321 39842 98%
c -  0.48 33 143 4 5 642 23 7151 4380 1.7 8 5 3 8 15% 32595 115321 39842 98%
c }  0.49 33 141 5 5 715 22 7576 4760 1.7 9 5 3 8 15% 32608 115321 39842 98%
c [  0.49 33 162 5 5 715 6 7576 4760 1.9 22 12 6 20 18% 32608 115321 39842 98%
c c  0.53 33 158 5 5 715 6 7743 4915 1.9 22 12 6 20 18% 32617 115313 39838 98%
c d  0.54 33 158 5 5 715 6 7743 4915 1.9 22 12 6 20 18% 32609 115313 39838 98%
c u  0.55 33 158 5 5 715 6 7743 3924 1.9 22 12 6 20 18% 32626 115313 39838 98%
c v  0.56 33 158 5 5 715 6 7743 3456 1.9 22 12 6 20 18% 32626 115313 39838 98%
c
c seconds   switched  rate       size/glue  tier1     binary           remaining
c        MB  reductions conflicts      size   tier2       irredundant
c          level restarts   redundant     glue    trail           variables
c
c w  0.56 33 158 5 5 715 6 7743 3418 1.9 22 12 6 20 18% 32626 115313 39838 98%
c d  0.57 33 158 5 5 715 6 7743 3418 1.9 22 12 6 20 18% 32624 115311 39837 98%
c t  0.57 33 158 5 5 715 6 7743 3418 1.9 22 12 6 20 18% 32611 115311 39837 98%
c u  0.59 33 158 5 5 715 6 7743 3336 1.9 22 12 6 20 18% 32611 115311 39837 98%
c v  0.60 33 158 5 5 715 6 7743 3182 1.9 22 12 6 20 18% 32611 115311 39837 98%
c w  0.60 33 158 5 5 715 6 7743 3172 1.9 22 12 6 20 18% 32611 115311 39837 98%
c x  0.61 33 158 5 5 715 6 7743 3172 1.9 22 12 6 20 18% 32612 115191 39837 98%
c B  0.63 33 155 5 5 715 6 8034 3454 1.9 22 11 6 20 18% 32619 115191 39837 98%
c -  0.67 33 154 5 6 716 5 9387 4030 1.9 22 12 6 19 19% 32629 115191 39837 98%
c o  0.76 34 125 5 6 718 4 11781 6201 1.8 22 12 6 19 17% 32656 115189 39837 98%
c -  0.76 34 125 5 7 718 5 11838 5265 1.8 22 12 6 20 17% 32656 115189 39837 98%
c ]  0.76 34 125 6 7 718 5 11852 5277 1.8 22 12 6 20 17% 32656 115189 39837 98%
c {  0.76 34 141 6 7 718 22 11852 5277 1.7 9 5 3 8 15% 32656 115189 39837 98%
c s  0.81 34 138 6 7 849 22 12564 5939 1.7 9 5 3 8 15% 32676 115165 39837 98%
c e  1.03 56 138 6 7 849 22 12564 5939 1.7 9 5 3 8 15% 4847 101651 13505 33%
c 2  1.04 56 138 6 7 849 22 12564 5939 1.7 9 5 3 8 15% 4845 101651 13505 33%
c s  1.06 56 138 6 7 849 22 12564 5939 1.7 9 5 3 8 15% 4846 101413 13505 33%
c e  1.07 46 138 6 7 849 22 12564 5939 1.7 9 5 3 8 15% 4843 101416 13503 33%
c ^  1.07 46 138 6 7 849 22 12564 5939 1.7 9 5 3 8 15% 4843 101416 13503 33%
c -  1.14 40 115 6 8 1453 22 14483 2386 1.5 11 7 4 11 13% 4849 101416 13503 33%
c
c seconds   switched    rate        size/glue tier1     binary          remaining
c        MB  reductions   conflicts       size  tier2      irredundant
c          level  restarts     redundant    glue    trail          variables
c
c u  1.20 41 105 6 8 1854 22 15860 3409 1.5 12 8 4 11 12% 4855 101416 13503 33%
c v  1.21 41 105 6 8 1854 22 15860 2560 1.5 12 8 4 11 12% 4855 101416 13503 33%
c w  1.22 41 105 6 8 1854 22 15860 2449 1.5 12 8 4 11 12% 4855 101416 13503 33%
c x  1.22 41 105 6 8 1854 22 15860 2449 1.5 12 8 4 11 12% 4858 100702 13503 33%
c =  1.28 41 105 6 8 1854 22 15860 2449 1.5 12 8 4 11 12% 5182 100701 13341 33%
c d  1.28 41 105 6 8 1854 22 15860 2449 1.5 12 8 4 11 12% 4848 100701 13341 33%
c t  1.28 41 105 6 8 1854 22 15860 2449 1.5 12 8 4 11 12% 4823 100701 13341 33%
c f  1.29 36 105 6 8 1854 22 15860 2449 1.5 12 8 4 11 12% 4799 100545 13359 33%
c c  1.32 35 105 6 8 1854 22 15860 2443 1.5 12 8 4 11 12% 7506 95097 11997 30%
c d  1.32 35 105 6 8 1854 22 15860 2443 1.5 12 8 4 11 12% 4782 95097 11997 30%
c u  1.33 35 105 6 8 1854 22 15860 2432 1.5 12 8 4 11 12% 4782 95097 11997 30%
c v  1.33 35 105 6 8 1854 22 15860 2351 1.5 12 8 4 11 12% 4782 95097 11997 30%
c w  1.35 35 105 6 8 1854 22 15860 2167 1.5 12 8 4 11 12% 4782 95097 11997 30%
c x  1.36 35 105 6 8 1854 22 15860 2167 1.5 12 8 4 11 12% 4782 94994 11997 30%
c }  1.37 35 105 7 8 1871 22 15921 2228 1.5 12 8 4 11 12% 4782 94994 11997 30%
c [  1.37 35 125 7 8 1871 5 15921 2228 1.8 22 12 6 20 17% 4782 94994 11997 30%
c W  1.38 35 125 7 8 1871 5 15921 2228 1.8 22 12 6 20 17% 4782 94994 11997 30%
c -  1.41 35 120 7 9 1872 4 17311 3045 1.7 24 14 7 24 17% 4783 94994 11997 30%
c -  1.46 35 108 7 10 1874 4 20312 4755 1.7 26 15 8 25 19% 4790 94994 11997 30%
c O  1.49 35 100 7 10 1876 3 23449 7503 1.7 26 15 8 25 17% 4794 94994 11997 30%
c
c seconds   switched    rate        size/glue  tier1     binary         remaining
c        MB   reductions  conflicts       size   tier2      irredundant
c          level   restarts    redundant     glue    trail         variables
c
c o  1.50 35 100 7 10 1876 3 23449 7503 1.7 26 15 8 25 17% 4794 94994 11997 30%
c -  1.50 35 100 7 11 1876 3 23474 6029 1.7 26 15 8 23 17% 4794 94994 11997 30%
c s  1.53 35 107 7 11 1877 3 25066 7408 1.6 26 16 8 23 18% 4794 94261 11997 30%
c e  1.59 36 107 7 11 1877 3 25066 7408 1.6 26 16 8 23 18% 4437 95266 11324 28%
c s  1.60 36 107 7 11 1877 3 25066 7408 1.6 26 16 8 23 18% 4439 94715 11324 28%
c e  1.60 36 107 7 11 1877 3 25066 7408 1.6 26 16 8 23 18% 4436 94719 11323 28%
c ^  1.60 36 107 7 11 1877 3 25066 7408 1.6 26 16 8 23 18% 4436 94719 11323 28%
c -  1.63 36 103 7 12 1877 3 26791 6537 1.6 26 16 8 23 18% 4437 94719 11323 28%
c d  1.63 36 103 7 12 1877 3 26988 6720 1.6 26 16 8 23 18% 4435 94719 11322 28%
c u  1.64 36 103 7 12 1877 3 26988 6434 1.6 26 16 8 23 18% 4436 94719 11322 28%
c v  1.64 36 103 7 12 1877 3 26988 6269 1.6 26 16 8 23 18% 4436 94719 11322 28%
c w  1.65 36 103 7 12 1877 3 26988 6248 1.6 26 16 8 23 18% 4436 94719 11322 28%
c x  1.65 36 103 7 12 1877 3 26988 6247 1.6 26 16 8 23 18% 4436 94657 11322 28%
c =  1.67 36 103 7 12 1877 3 26988 6247 1.6 26 16 8 23 18% 4444 94657 11318 28%
c d  1.68 36 103 7 12 1877 3 26988 6247 1.6 26 16 8 23 18% 4435 94657 11318 28%
c f  1.69 36 103 7 12 1877 3 26988 6247 1.6 26 16 8 23 18% 4437 94651 11319 28%
c c  1.70 36 103 7 12 1877 3 26988 6247 1.6 26 16 8 23 18% 4453 94619 11311 28%
c d  1.71 36 103 7 12 1877 3 26988 6247 1.6 26 16 8 23 18% 4437 94619 11311 28%
c u  1.71 36 103 7 12 1877 3 26988 6164 1.6 26 16 8 23 18% 4437 94619 11311 28%
c v  1.72 36 103 7 12 1877 3 26988 6084 1.6 26 16 8 23 18% 4437 94619 11311 28%
c
c seconds   switched    rate        size/glue  tier1     binary         remaining
c        MB   reductions  conflicts       size   tier2      irredundant
c          level   restarts    redundant     glue    trail         variables
c
c w  1.72 36 103 7 12 1877 3 26988 6076 1.6 26 16 8 23 18% 4437 94619 11311 28%
c x  1.73 36 103 7 12 1877 3 26988 6076 1.6 26 16 8 23 18% 4437 94545 11311 28%
c =  1.75 36 103 7 12 1877 3 26988 6076 1.6 26 16 8 23 18% 4445 94545 11307 28%
c d  1.75 36 103 7 12 1877 3 26988 6076 1.6 26 16 8 23 18% 4435 94545 11307 28%
c t  1.75 36 103 7 12 1877 3 26988 6076 1.6 26 16 8 23 18% 4434 94545 11307 28%
c -  1.79 36 98 7 13 1879 3 30256 6746 1.7 26 16 8 22 16% 4437 94545 11307 28%
c B  1.82 36 90 7 13 1881 3 33211 9278 1.6 26 16 8 22 15% 4437 94545 11307 28%
c -  1.83 36 91 7 14 1881 3 33861 7654 1.6 26 16 8 21 15% 4437 94545 11307 28%
c ]  1.83 36 91 8 14 1881 3 33923 7708 1.6 26 16 8 21 15% 4437 94545 11307 28%
c {  1.83 36 105 8 14 1881 22 33923 7708 1.5 12 8 4 11 12% 4437 94545 11307 28%
c -  1.90 36 98 8 15 2363 19 37602 9456 1.5 12 8 7 12 11% 4465 94545 11307 28%
c }  1.94 36 94 9 15 2657 18 40083 11520 1.5 12 8 7 12 11% 4478 94545 11307 28%
c [  1.94 36 91 9 15 2657 3 40083 11520 1.6 26 16 8 21 15% 4478 94545 11307 28%
c u  1.98 36 89 9 15 2658 3 41314 12413 1.6 26 16 8 21 15% 4478 94545 11307 28%
c v  1.99 36 89 9 15 2658 3 41314 12226 1.6 26 16 8 21 15% 4478 94545 11307 28%
c w  1.99 36 89 9 15 2658 3 41314 12219 1.6 26 16 8 21 15% 4478 94545 11307 28%
c x  2.00 36 89 9 15 2658 3 41314 12218 1.6 26 16 8 21 15% 4478 94542 11307 28%
c =  2.03 36 89 9 15 2658 3 41314 12218 1.6 26 16 8 21 15% 4538 94542 11277 28%
c d  2.03 36 89 9 15 2658 3 41314 12218 1.6 26 16 8 21 15% 4475 94542 11277 28%
c u  2.05 36 89 9 15 2658 3 41314 11905 1.6 26 16 8 21 15% 4475 94542 11277 28%
c
c seconds  switched    rate         size/glue  tier1     binary         remaining
c        MB  reductions  conflicts        size   tier2      irredundant
c         level   restarts     redundant     glue    trail         variables
c
c v  2.06 36 89 9 15 2658 3 41314 11534 1.6 26 16 8 21 15% 4475 94542 11277 28%
c w  2.07 36 89 9 15 2658 3 41314 11527 1.6 26 16 8 21 15% 4475 94542 11277 28%
c =  2.10 36 89 9 15 2658 3 41314 11527 1.6 26 16 8 21 15% 4515 94542 11257 28%
c d  2.10 36 89 9 15 2658 3 41314 11527 1.6 26 16 8 21 15% 4475 94542 11257 28%
c -  2.11 36 89 9 16 2658 3 41475 9789 1.6 26 16 8 21 15% 4475 94542 11257 28%
c W  2.20 36 85 9 16 2661 3 45434 13468 1.7 27 16 8 21 15% 4476 94542 11257 28%
c o  2.20 36 85 9 16 2661 3 45434 13468 1.7 27 16 8 21 15% 4476 94542 11257 28%
c -  2.20 36 85 9 17 2661 3 45476 11120 1.7 27 16 8 21 15% 4476 94542 11257 28%
c ]  2.22 36 87 10 17 2661 3 46331 11921 1.6 27 16 8 21 16% 4477 94542 11257 28%
c {  2.22 36 94 10 17 2661 18 46331 11921 1.5 12 8 7 12 11% 4477 94542 11257 28%
c -  2.29 36 91 10 18 3056 17 49601 11912 1.4 12 9 6 12 11% 4490 94542 11257 28%
c s  2.37 36 91 10 18 3383 16 52167 14115 1.4 12 9 6 12 11% 4500 94422 11257 28%
c e  2.43 36 91 10 18 3383 16 52167 14115 1.4 12 9 6 12 11% 3089 97529 10339 25%
c s  2.45 36 91 10 18 3383 16 52167 14115 1.4 12 9 6 12 11% 3089 97280 10339 25%
c ^  2.46 36 91 10 18 3383 16 52167 14115 1.4 12 9 6 12 11% 3089 97280 10339 25%
c -  2.49 36 89 10 19 3608 16 53845 11852 1.4 13 9 6 12 11% 3095 97278 10339 25%
c }  2.51 36 89 11 19 3665 16 54960 12768 1.4 13 9 6 12 11% 3096 97278 10339 25%
c [  2.51 36 87 11 19 3665 3 54960 12768 1.6 27 16 8 21 16% 3096 97278 10339 25%
c -  2.56 36 85 11 20 3667 3 58203 13347 1.6 27 16 8 21 15% 3097 97278 10339 25%
c c  2.59 36 84 11 20 3667 3 58940 14024 1.6 27 16 8 21 15% 3240 96990 10267 25%
c
c seconds   switched    rate         size/glue  tier1     binary         remaining
c        MB   reductions  conflicts        size   tier2      irredundant
c         level    restarts     redundant     glue    trail         variables
c
c d  2.59 36 84 11 20 3667 3 58940 14023 1.6 27 16 8 21 15% 3096 96990 10267 25%
c u  2.61 36 84 11 20 3667 3 58940 13729 1.6 27 16 8 21 15% 3096 96990 10267 25%
c v  2.62 36 84 11 20 3667 3 58940 13257 1.6 27 16 8 21 15% 3096 96990 10267 25%
c w  2.62 36 84 11 20 3667 3 58940 13250 1.6 27 16 8 21 15% 3096 96990 10267 25%
c x  2.63 36 84 11 20 3667 3 58940 13250 1.6 27 16 8 21 15% 3096 96948 10267 25%
c =  2.68 36 84 11 20 3667 3 58940 13250 1.6 27 16 8 21 15% 3104 96948 10263 25%
c d  2.68 36 84 11 20 3667 3 58940 13250 1.6 27 16 8 21 15% 3096 96948 10263 25%
c u  2.71 36 84 11 20 3667 3 58940 13012 1.6 27 16 8 21 15% 3096 96948 10263 25%
c v  2.72 36 84 11 20 3667 3 58940 12723 1.6 27 16 8 21 15% 3096 96948 10263 25%
c w  2.73 36 84 11 20 3667 3 58940 12712 1.6 27 16 8 21 15% 3096 96948 10263 25%
c x  2.74 36 84 11 20 3667 3 58940 12704 1.6 27 16 8 21 15% 3096 96923 10263 25%
c I  2.82 36 83 11 20 3668 3 60338 13897 1.6 27 16 8 21 15% 3096 96923 10263 25%
c -  2.86 36 86 11 21 3670 3 62675 13399 1.6 27 16 7 21 16% 3096 96920 10263 25%
c ]  2.93 36 83 12 21 3671 2 66654 16987 1.6 27 17 8 22 15% 3096 96920 10263 25%
c {  2.93 36 89 12 21 3671 16 66654 16987 1.4 13 9 6 12 11% 3096 96920 10263 25%
c -  2.94 36 89 12 22 3748 16 67257 14540 1.4 13 9 6 12 11% 3097 96919 10263 25%
c -  3.03 36 86 12 23 4333 15 71947 15983 1.4 13 9 6 12 10% 3101 96918 10263 25%
c o  3.09 36 86 12 23 4642 14 75437 18936 1.4 13 9 6 12 10% 3114 96918 10263 25%
c -  3.12 36 87 12 24 4773 14 76745 17761 1.4 13 9 6 12 10% 3120 96918 10263 25%
c }  3.15 36 85 13 24 4982 14 78133 18846 1.4 13 9 6 12 10% 3122 96918 10263 25%
c
c seconds   switched    rate         size/glue  tier1     binary         remaining
c        MB   reductions  conflicts        size   tier2      irredundant
c         level    restarts     redundant     glue    trail         variables
c
c [  3.15 36 83 13 24 4982 2 78133 18846 1.6 27 17 8 22 15% 3122 96918 10263 25%
c B  3.15 36 83 13 24 4982 2 78141 18849 1.6 27 17 8 22 15% 3122 96918 10263 25%
c u  3.20 36 85 13 24 4983 2 79991 19898 1.6 27 17 8 22 15% 3122 96918 10263 25%
c v  3.22 36 85 13 24 4983 2 79991 19352 1.6 27 17 8 22 15% 3122 96918 10263 25%
c w  3.22 36 85 13 24 4983 2 79991 19332 1.6 27 17 8 22 15% 3122 96918 10263 25%
c x  3.23 36 85 13 24 4983 2 79991 19329 1.6 27 17 8 22 15% 3122 96876 10263 25%
c -  3.27 36 84 13 25 4984 2 81643 17908 1.6 27 17 8 22 15% 3124 96876 10263 25%
c -  3.32 36 79 13 26 4987 2 86643 18470 1.6 27 17 8 22 14% 3125 96876 10263 25%
c -  3.36 36 73 13 27 4989 2 91743 19263 1.5 26 17 8 21 13% 3131 96876 10263 25%
c s  3.43 36 70 13 27 4992 2 95819 22563 1.5 26 17 8 21 12% 3132 96412 10263 25%
c e  3.50 37 70 13 27 4992 2 95819 22563 1.5 26 17 8 21 12% 2472 98596 9645 24%
c s  3.52 37 70 13 27 4992 2 95819 22563 1.5 26 17 8 21 12% 2489 98311 9645 24%
c e  3.53 37 70 13 27 4992 2 95819 22563 1.5 26 17 8 21 12% 2489 98315 9644 24%
c ^  3.53 37 70 13 27 4992 2 95819 22563 1.5 26 17 8 21 12% 2489 98315 9644 24%
c -  3.55 37 69 13 28 4993 2 96939 16805 1.5 26 17 8 20 12% 2489 98314 9644 24%
c W  3.59 37 70 13 28 4994 2 99054 18790 1.5 26 17 8 20 12% 2489 98314 9644 24%
c ]  3.59 37 70 14 28 4994 2 99480 19185 1.5 26 17 8 20 12% 2489 98314 9644 24%
c {  3.59 37 85 14 28 4994 14 99480 19185 1.4 13 9 6 12 10% 2489 98314 9644 24%
c -  3.65 37 85 14 29 5269 14 102230 18558 1.4 13 9 6 12 10% 2493 98310 9644 24%
c u  3.72 37 84 14 29 5668 14 104594 19103 1.4 13 9 6 12 10% 2495 98308 9644 24%
c
c seconds   switched     rate          size/glue tier1     binary        remaining
c        MB   reductions   conflicts         size  tier2      irredundant
c         level    restarts       redundant    glue    trail        variables
c
c v  3.73 37 84 14 29 5668 14 104594 18665 1.4 13 9 6 12 10% 2496 98308 9644 24%
c w  3.74 37 84 14 29 5668 14 104594 18630 1.4 13 9 6 12 10% 2496 98308 9644 24%
c -  3.86 37 84 14 30 5963 13 107615 18717 1.4 13 9 6 12 10% 2496 98305 9644 24%
c -  3.96 37 82 14 31 6541 13 113092 20298 1.4 13 9 6 12 10% 2498 98302 9644 24%
c }  3.98 37 83 15 31 6667 13 114195 21223 1.4 13 9 6 12 10% 2500 98301 9644 24%
c [  3.98 37 70 15 31 6667 2 114195 21223 1.5 26 17 8 20 12% 2500 98301 9644 24%
c o  4.02 37 71 15 31 6669 2 116374 23198 1.5 27 17 8 20 12% 2501 98301 9644 24%
c -  4.07 37 73 15 32 6670 2 118659 21176 1.5 27 17 8 21 13% 2501 98300 9644 24%
c O  4.15 37 72 15 32 6673 2 123279 25514 1.5 27 18 8 21 13% 2501 98300 9644 24%
c -  4.17 37 72 15 33 6673 2 124316 21807 1.5 27 18 7 21 13% 2501 98300 9644 24%
c -  4.25 37 69 15 34 6676 2 130060 22871 1.5 27 18 7 21 12% 2501 98300 9644 24%
c u  4.29 37 67 15 34 6678 2 132821 24296 1.5 27 18 7 20 12% 2501 98300 9644 24%
c v  4.30 37 67 15 34 6678 2 132821 23840 1.5 27 18 7 20 12% 2501 98300 9644 24%
c w  4.31 37 67 15 34 6678 2 132821 23784 1.5 27 18 7 20 12% 2501 98300 9644 24%
c x  4.32 37 67 15 34 6678 2 132821 23779 1.5 27 18 7 20 12% 2501 98209 9644 24%
c -  4.37 37 66 15 35 6680 2 135890 23003 1.5 27 18 7 20 12% 2501 98207 9644 24%
c ]  4.38 37 66 16 35 6680 2 136878 23931 1.5 27 18 7 20 12% 2501 98207 9644 24%
c {  4.38 37 83 16 35 6680 13 136878 23931 1.4 13 9 6 12 10% 2501 98207 9644 24%
c -  4.47 37 82 16 36 7242 13 141806 24194 1.4 14 10 6 12 10% 2501 98205 9644 24%
c -  4.60 37 84 16 37 7868 12 147807 25578 1.4 14 10 6 12 10% 2504 98203 9644 24%
c
c seconds   switched     rate          size/glue  tier1     binary        remaining
c        MB   reductions   conflicts         size   tier2      irredundant
c         level    restarts       redundant     glue    trail        variables
c
c -  4.71 37 84 16 38 8279 12 153890 27454 1.4 14 10 6 12 10% 2505 98200 9644 24%
c }  4.73 37 85 17 38 8337 12 155215 28508 1.4 14 10 6 12 10% 2505 98199 9644 24%
c [  4.73 37 66 17 38 8337 2 155215 28508 1.5 27 18 7 20 12% 2505 98199 9644 24%
c B  4.73 37 66 17 38 8337 2 155215 28508 1.5 27 18 7 20 12% 2505 98199 9644 24%
c s  4.79 37 67 17 38 8339 2 157844 30928 1.5 27 18 7 20 12% 2505 97512 9644 24%
c e  4.85 37 67 17 38 8339 2 157844 30928 1.5 27 18 7 20 12% 2523 100668 9120 22%
c 2  4.85 37 67 17 38 8339 2 157844 30928 1.5 27 18 7 20 12% 2517 100668 9120 22%
c s  4.88 37 67 17 38 8339 2 157844 30928 1.5 27 18 7 20 12% 2522 98857 9120 22%
c ^  4.90 37 67 17 38 8339 2 157844 30928 1.5 27 18 7 20 12% 2522 98857 9120 22%
c -  4.94 37 67 17 39 8340 2 160056 25614 1.5 28 18 7 21 12% 2522 98857 9120 22%
c u  5.05 37 66 17 39 8343 2 164773 29389 1.5 28 19 7 21 12% 2528 98855 9120 22%
c v  5.06 37 66 17 39 8343 2 164773 28941 1.5 28 19 7 21 12% 2528 98855 9120 22%
c w  5.07 37 66 17 39 8343 2 164773 28935 1.5 28 19 7 21 12% 2528 98855 9120 22%
c x  5.08 37 66 17 39 8343 2 164773 28929 1.5 28 19 7 21 12% 2528 98706 9120 22%
c -  5.12 37 66 17 40 8343 2 166300 24665 1.5 29 19 7 21 11% 2528 98706 9120 22%
c -  5.22 37 65 17 41 8346 2 172625 24914 1.5 30 20 7 22 11% 2528 98706 9120 22%
c -  5.37 38 64 17 42 8350 2 179028 24897 1.5 31 21 7 23 11% 2528 98705 9120 22%
c ]  5.38 38 64 18 42 8350 2 179544 25392 1.5 32 21 7 23 11% 2528 98705 9120 22%
c {  5.38 38 85 18 42 8350 12 179544 25392 1.4 14 10 6 12 10% 2528 98705 9120 22%
c o  5.38 38 85 18 42 8358 12 179575 25418 1.4 14 10 6 12 10% 2528 98705 9120 22%
c
c seconds   switched     rate          size/glue  tier1     binary        remaining
c        MB   reductions   conflicts         size   tier2      irredundant
c         level    restarts       redundant     glue    trail        variables
c
c -  5.47 38 82 18 43 8748 11 185509 26655 1.4 14 10 6 12 10% 2548 98703 9120 22%
c -  5.59 38 81 18 44 8993 11 192066 29899 1.5 14 10 6 12 10% 2561 98699 9120 22%
c -  5.70 38 80 18 45 9205 10 198699 29678 1.5 14 10 5 11 10% 2569 98696 9120 22%
c u  5.74 38 79 18 45 9254 10 200551 30107 1.5 14 10 5 11 10% 2570 98696 9120 22%
c v  5.76 38 79 18 45 9254 10 200551 28625 1.5 14 10 5 11 10% 2570 98696 9120 22%
c w  5.77 38 79 18 45 9254 10 200551 28618 1.5 14 10 5 11 10% 2570 98696 9120 22%
c x  5.78 38 79 18 45 9254 10 200551 28616 1.5 14 10 5 11 10% 2570 98054 9120 22%
c }  5.90 43 78 19 45 9323 10 201889 29683 1.5 14 10 5 11 10% 2570 98054 9120 22%
c [  5.90 43 64 19 45 9323 2 201889 29683 1.5 32 21 7 23 11% 2570 98054 9120 22%
c W  5.91 38 64 19 45 9323 2 201889 29683 1.5 32 21 7 23 11% 2570 98054 9120 22%
c -  5.98 38 63 19 46 9325 2 205409 27022 1.5 32 22 7 24 11% 2570 98054 9120 22%
c -  6.13 38 63 19 47 9329 2 212192 26121 1.4 34 23 7 25 11% 2570 98052 9120 22%
c -  6.29 38 62 19 48 9333 2 219047 25406 1.4 35 24 8 26 11% 2570 98052 9120 22%
c ]  6.37 38 61 20 48 9336 2 223484 29460 1.4 35 25 8 26 11% 2570 98051 9120 22%
c {  6.37 38 78 20 48 9336 10 223484 29460 1.5 14 10 5 11 10% 2570 98051 9120 22%
c -  6.43 38 77 20 49 9570 10 225975 26549 1.5 14 10 5 11 10% 2571 98051 9120 22%
c -  6.54 38 74 20 50 10253 9 232975 29027 1.5 14 10 5 11 10% 2573 98050 9120 22%
c o  6.66 38 74 20 50 10852 9 239664 34405 1.5 14 10 5 11 10% 2577 98045 9120 22%
c s  6.69 46 74 20 50 10872 9 239944 34662 1.5 14 10 5 11 10% 2579 97218 9120 22%
c e  6.79 46 74 20 50 10872 9 239944 34662 1.5 14 10 5 11 10% 2057 121312 7047 17%
c
c seconds   switched     rate          size/glue  tier1     binary         remaining
c        MB   reductions   conflicts         size   tier2      irredundant
c         level    restarts       redundant     glue    trail         variables
c
c s  6.84 46 74 20 50 10872 9 239944 34662 1.5 14 10 5 11 10% 2058 119184 7047 17%
c e  6.88 46 74 20 50 10872 9 239944 34662 1.5 14 10 5 11 10% 2057 119201 7046 17%
c !  6.88 46 74 20 50 10872 9 239944 34662 1.5 14 10 5 11 10% 2057 119201 7046 17%
c -  6.89 47 74 20 51 10894 9 240047 18061 1.5 14 10 5 11 10% 2057 119201 7046 17%
c u  6.91 48 74 20 51 10927 9 240204 17467 1.5 14 10 5 11 10% 2057 119201 7046 17%
c v  6.92 48 74 20 51 10927 9 240204 16536 1.5 14 10 5 11 10% 2057 119201 7046 17%
c w  6.93 48 74 20 51 10927 9 240204 16460 1.5 14 10 5 11 10% 2057 119201 7046 17%
c x  6.95 48 74 20 51 10927 9 240204 16444 1.5 14 10 5 11 10% 2057 117021 7046 17%
c t  6.95 48 74 20 51 10927 9 240204 16444 1.5 14 10 5 11 10% 2056 117021 7046 17%
c -  7.09 47 73 20 52 11560 9 247189 20030 1.5 14 10 5 11 10% 2058 117020 7046 17%
c }  7.14 48 72 21 52 11850 9 250224 22360 1.5 14 10 5 11 10% 2058 117019 7046 17%
c [  7.14 48 61 21 52 11850 2 250224 22360 1.4 35 25 8 26 11% 2058 117019 7046 17%
c I  7.14 48 61 21 52 11850 2 250224 22360 1.4 35 25 8 26 11% 2058 117019 7046 17%
c -  7.21 45 63 21 53 11852 2 254401 23587 1.4 35 24 8 27 11% 2064 117019 7046 17%
c ]  7.29 46 63 21 53 11856 2 259476 28180 1.4 35 24 8 27 12% 2065 117018 7046 17%
c 1  7.29 46 72 21 53 11856 9 259476 28180 1.5 14 10 5 11 10% 2065 117018 7046 17%
c
c ---- [ result ] ------------------------------------------------------------
c
s SATISFIABLE
c
c ---- [ profiling ] ---------------------------------------------------------
c
c           4.80   65.77 %  search
c           2.46   33.77 %  stable
c           2.39   32.80 %  simplify
c           2.33   31.99 %  focused
c           1.52   20.83 %  probe
c           0.92   12.62 %  eliminate
c           0.58    7.89 %  vivify
c           0.42    5.75 %  sweep
c           0.25    3.37 %  subsume
c           0.17    2.31 %  substitute
c           0.16    2.26 %  congruence
c           0.14    1.96 %  factor
c           0.11    1.57 %  reduce
c           0.08    1.11 %  preprocess
c           0.03    0.44 %  transitive
c           0.03    0.42 %  walking
c           0.02    0.21 %  parse
c           0.02    0.21 %  backbone
c           0.00    0.06 %  lucky
c           0.00    0.03 %  extend
c =============================================
c           7.29  100.00 %  total
c
c ---- [ statistics ] --------------------------------------------------------
c
c backbone_computations:                   37             7013    interval
c backbone_ticks:                     3056357 
c chronological:                          879                0 %  conflicts
c clauses_added:                       715945              100 %  added
c clauses_binary:                        2065                0 %  added
c clauses_irredundant:                 117018               16 %  added
c clauses_learned:                     241411               93 %  conflicts
c clauses_original:                    150203               21 %  added
c clauses_redundant:                    28180 
c clauses_used:                        936129              388 %  learned
c clauses_used_focused:                211448               23 %  used
c clauses_used_stable:                 724681               77 %  used
c closures:                                 8            32434    interval
c conflicts:                           259476            35565.00 per second
c congruent:                             1856                5 %  variables
c congruent_gates:                     209845            26230.62 per closure
c congruent_gates_ands:                 46956               22 %  gates
c congruent_gates_ites:                 46597               22 %  gates
c congruent_gates_xors:                116292               55 %  gates
c congruent_matched:                    10583              570 %  congruent
c congruent_matched_ands:                   6                0 %  matched
c congruent_matched_ites:                   0                0 %  matched
c congruent_matched_xors:               10577              100 %  matched
c decisions:                          1367342                5.27 per conflict
c eliminated:                           31143               77 %  variables
c eliminate_resolutions:              6104980           836777.31 per second
c eliminations:                             6            43246    interval
c factored:                                25                0 %  variables
c factorizations:                          19            13657    interval
c factor_ticks:                      13855680 
c fast_eliminated:                          0                0 %  eliminated
c fast_strengthened:                        0                0 %  per strengthened
c fast_subsumed:                            0                0 %  per subsumed
c forward_checks:                    43646952 
c forward_steps:                     61321140                1.40 per check
c iterations:                               0                0 %  variables
c kitten_propagations:               12630619               49.33 per solved
c kitten_solved:                       256022 
c kitten_ticks:                      45957821                3.64 per prop
c literals_factor:                     172765                4.26 per variable
c probings:                                13            19960    interval
c probing_ticks:                     62651156 
c propagations:                      58594201          8031197    per second
c random_sequences:                       126             2059    interval
c reductions:                              53             4896    interval
c reordered:                                7            37068    interval
c rephased:                                15            17298    interval
c restarts:                             11856               22    interval
c retiered:                                17            15263    interval
c searches:                                 1           259476    interval
c search_ticks:                     431837223 
c strengthened:                         21669                0 %  checks
c substituted:                           2084                5 %  variables
c substitute_ticks:                   6288350 
c subsumed:                              8087                0 %  checks
c subsumption_checks:                43646952 
c sweep:                                   11            23589    interval
c sweep_completed:                          0                0.00 sweeps
c sweep_equivalences:                     224                1 %  variables
c sweep_solved:                         36390               14 %  kitten_solved
c sweep_units:                              0                0 %  variables
c switched:                                21            12356    interval
c transitive_ticks:                   5159740 
c units:                                  300                1 %  variables
c variables_activated:                  40573                1.00 per variable
c variables_eliminate:                 118648                2.93 variables
c variables_extension:                     25                0.00 per variable
c variables_factor:                         0                0.00 per variable
c variables_original:                   40548                1.00 per variable
c variables_subsume:                    82622                2.04 per variable
c vivifications:                           18            14415    interval
c vivified:                             28648               20 %  checks
c vivify_checks:                       141557             7864    per vivify
c vivify_probes:                       924111                6.53 per check
c vivify_reused:                       351187               38 %  probes
c walks:                                    5            51895    interval
c walk_steps:                         6397996 
c warming_decisions:                     1967              393.40 per walk
c warming_propagations:                 81862                0 %  propagations
c warmups:                                  5              100 %  walks
c
c ---- [ glue usage ] --------------------------------------------------------
c
c focused glue 5   used 18407 clauses  8.71% accumulated 50.35% tier1
c focused glue 6   used 19474 clauses  9.21% accumulated 59.56%
c focused glue 7-9 used 49492 clauses 23.41% accumulated 82.97%
c focused glue 10  used  9970 clauses  4.72% accumulated 87.69%
c focused glue 11  used  6678 clauses  3.16% accumulated 90.84% tier2
c
c stable glue 8     used  34538 clauses  4.77% accumulated 54.10% tier1
c stable glue 9     used  33367 clauses  4.60% accumulated 58.70%
c stable glue 10-25 used 221242 clauses 30.53% accumulated 89.23%
c stable glue 26    used   4434 clauses  0.61% accumulated 89.84%
c stable glue 27    used   4220 clauses  0.58% accumulated 90.42% tier2
c
c ---- [ resources ] ---------------------------------------------------------
c
c maximum-resident-set-size:         58273792 bytes         56 MB
c process-time:                             7s               7.30 seconds
c
c ---- [ shutting down ] -----------------------------------------------------
c
c exit 10
