c ---- [ banner ] ------------------------------------------------------------
c
c Kissat SAT Solver
c 
c Copyright (c) 2021-2024 Armin Biere University of Freiburg
c Copyright (c) 2019-2021 Armin Biere Johannes Kepler University Linz
c 
c Version 4.0.4 unknown
c gcc (Ubuntu 15.2.0-16ubuntu1) 15.2.0 -W -Wall -O3 -DNDEBUG
c Sat Sep 5 21:05:05 EDT 2026 Linux server7 7.0.0-29-generic x86_64
c
c ---- [ parsing ] -----------------------------------------------------------
c
c opened and reading DIMACS file:
c
c   /home/mjbommar/p4dfa-cnf/tcp_open_bit8_na6_nr3_paired.cnf
c
c parsed 'p cnf 82541 304079' header
c closing input after reading 5854222 bytes (6 MB)
c finished parsing after 0.03 seconds
c
c ---- [ options ] -----------------------------------------------------------
c
c --statistics=true                (different from default 'false')
c
c ---- [ solving ] -----------------------------------------------------------
c
c seconds switched rate     size/glue tier1  binary           remaining
c        MB reductions conflicts size  tier2     irredundant
c         level restarts redundant glue  trail           variables
c
c *  0.03 25 0 0 0  0 0   0   0 0.0 0 0 0 0 0% 69232 234741 82225 100%
c (  0.03 26 0 0 0  0 0   0   0 0.0 0 0 0 0 0% 69232 234741 82225 100%
c .  0.04 27 0 0 0  0 0   0   0 0.0 0 0 0 0 0% 70470 231623 82225 100%
c c  0.11 41 0 0 0  0 0   0   0 0.0 0 0 0 0 0% 70982 231455 79286 96%
c d  0.12 41 0 0 0  0 0   0   0 0.0 0 0 0 0 0% 64760 231287 79286 96%
c f  0.22 46 0 0 0  0 0   0   0 0.0 0 0 0 0 0% 64556 231287 79292 96%
c )  0.22 46 0 0 0  0 0   0   0 0.0 0 0 0 0 0% 64556 231287 79292 96%
c {  0.23 47 0 0 0  0 0   0   0 0.0 0 0 2 6 0% 64556 231287 79292 96%
c -  0.30 48 349 0 1 161 36 1000 826 1.7 7 4 3 7 13% 64596 231287 79292 96%
c }  0.30 48 349 1 1 161 36 1000 826 1.7 7 4 3 7 13% 64596 231287 79292 96%
c [  0.30 48 0 1 1 161 0 1000 826 0.0 0 0 2 6 0% 64596 231287 79292 96%
c B  0.30 48 140 1 1 161 80 1001 827 1.2 5 4 2 6 4% 64596 231287 79292 96%
c -  0.34 48 282 1 2 161 7 2001 1671 2.0 16 8 4 13 19% 64613 231287 79292 96%
c W  0.37 48 282 1 2 161 7 2002 1672 2.0 16 8 4 13 19% 64613 231287 79292 96%
c c  0.45 60 223 1 2 162 6 2600 2162 2.0 14 7 3 11 16% 64630 231279 79289 96%
c d  0.46 60 223 1 2 162 6 2600 2160 2.0 14 7 3 11 16% 64624 231279 79289 96%
c u  0.47 60 223 1 2 162 6 2600 1931 2.0 14 7 3 11 16% 64624 231279 79289 96%
c v  0.48 60 223 1 2 162 6 2600 1838 2.0 14 7 3 11 16% 64624 231279 79289 96%
c w  0.49 60 223 1 2 162 6 2600 1831 2.0 14 7 3 11 16% 64624 231279 79289 96%
c x  0.49 60 223 1 2 162 6 2600 1831 2.0 14 7 3 11 16% 64639 231221 79289 96%
c
c seconds   switched  rate       size/glue tier1     binary           remaining
c        MB  reductions conflicts      size  tier2       irredundant
c          level restarts   redundant    glue    trail           variables
c
c t  0.51 60 223 1 2 162 6 2600 1831 2.0 14 7 3 11 16% 64635 231221 79289 96%
c u  0.55 65 223 1 2 162 6 2600 1506 2.0 14 7 3 11 16% 64638 231221 79289 96%
c v  0.55 65 223 1 2 162 6 2600 1385 2.0 14 7 3 11 16% 64638 231221 79289 96%
c w  0.56 65 223 1 2 162 6 2600 1381 2.0 14 7 3 11 16% 64638 231221 79289 96%
c x  0.57 65 223 1 2 162 6 2600 1381 2.0 14 7 3 11 16% 64638 231181 79289 96%
c -  0.65 65 215 1 3 163 5 3416 1900 2.1 19 9 4 18 16% 64646 231181 79289 96%
c ]  0.65 65 213 2 3 163 5 3734 2209 2.2 20 9 4 18 15% 64648 231181 79289 96%
c {  0.65 65 349 2 3 163 36 3734 2209 1.7 7 4 3 7 13% 64648 231181 79289 96%
c }  0.70 65 204 3 3 398 26 4734 3091 1.6 8 5 3 8 10% 64708 231181 79289 96%
c [  0.70 65 213 3 3 398 5 4734 3091 2.2 20 9 4 18 15% 64708 231181 79289 96%
c I  0.70 65 213 3 3 398 5 4734 3091 2.2 20 9 4 18 15% 64708 231181 79289 96%
c -  0.72 65 210 3 4 398 4 5150 3089 2.2 21 10 4 18 14% 64712 231181 79289 96%
c ]  0.76 65 185 4 4 399 4 6629 4530 2.2 23 11 4 18 13% 64718 231181 79289 96%
c {  0.76 65 204 4 4 399 26 6629 4530 1.6 8 5 3 8 10% 64718 231181 79289 96%
c -  0.82 65 186 4 5 521 26 7150 4353 1.6 8 5 3 8 11% 64739 231180 79289 96%
c c  0.98 59 174 4 5 624 26 8008 5118 1.7 8 5 3 8 12% 64770 231180 79288 96%
c d  0.98 59 174 4 5 624 26 8008 5117 1.7 8 5 3 8 12% 64768 231180 79288 96%
c u  1.01 59 174 4 5 624 26 8008 4409 1.7 8 5 3 8 12% 64767 231180 79288 96%
c v  1.02 59 174 4 5 624 26 8008 4131 1.7 8 5 3 8 12% 64767 231180 79288 96%
c w  1.03 59 174 4 5 624 26 8008 4115 1.7 8 5 3 8 12% 64767 231180 79288 96%
c
c seconds   switched   rate       size/glue tier1   binary           remaining
c        MB  reductions conflicts      size  tier2      irredundant
c          level restarts    redundant   glue   trail           variables
c
c t  1.05 59 174 4 5 624 26 8008 4115 1.7 8 5 3 8 12% 64754 231180 79288 96%
c u  1.09 59 174 4 5 624 26 8008 3923 1.7 8 5 3 8 12% 64760 231180 79288 96%
c v  1.11 59 174 4 5 624 26 8008 3835 1.7 8 5 3 8 12% 64760 231180 79288 96%
c w  1.12 59 174 4 5 624 26 8008 3809 1.7 8 5 3 8 12% 64760 231180 79288 96%
c x  1.13 59 174 4 5 624 26 8008 3809 1.7 8 5 3 8 12% 64760 231092 79288 96%
c }  1.25 60 159 5 5 783 26 8983 4697 1.7 8 5 3 8 12% 64803 231092 79288 96%
c [  1.25 60 185 5 5 783 4 8983 4697 2.2 23 11 4 18 13% 64803 231092 79288 96%
c B  1.25 60 185 5 5 783 4 8983 4697 2.2 23 11 4 18 13% 64803 231092 79288 96%
c -  1.27 60 180 5 6 783 4 9386 4405 2.2 22 10 4 18 13% 64809 231092 79288 96%
c -  1.49 60 149 5 7 785 4 11835 5471 1.9 27 14 5 23 13% 64819 231091 79288 96%
c ]  1.50 60 148 6 7 785 4 11978 5612 1.9 27 14 5 23 13% 64820 231091 79288 96%
c {  1.50 60 159 6 7 785 26 11978 5612 1.7 8 5 3 8 12% 64820 231091 79288 96%
c o  1.51 60 161 6 7 787 26 12000 5631 1.7 8 5 3 8 12% 64822 231091 79288 96%
c s  1.61 60 155 6 7 904 24 13000 6512 1.7 9 5 3 8 12% 64843 231070 79288 96%
c e  1.94 92 155 6 7 904 24 13000 6512 1.7 9 5 3 8 12% 10541 200963 25933 31%
c 2  1.94 92 155 6 7 904 24 13000 6512 1.7 9 5 3 8 12% 10540 200963 25933 31%
c s  1.97 92 155 6 7 904 24 13000 6512 1.7 9 5 3 8 12% 10540 200671 25933 31%
c e  1.99 74 155 6 7 904 24 13000 6512 1.7 9 5 3 8 12% 10533 200677 25928 31%
c ^  1.99 74 155 6 7 904 24 13000 6512 1.7 9 5 3 8 12% 10533 200677 25928 31%
c -  2.07 76 132 6 8 1362 24 14480 1948 1.6 10 7 4 11 10% 10539 200677 25928 31%
c
c seconds   switched    rate        size/glue tier1    binary           remaining
c        MB  reductions   conflicts       size  tier2      irredundant
c          level  restarts     redundant    glue   trail           variables
c
c }  2.14 76 118 7 8 1821 23 16047 3452 1.5 12 8 4 11 9% 10544 200677 25928 31%
c [  2.14 76 148 7 8 1821 4 16047 3452 1.9 27 14 5 23 13% 10544 200677 25928 31%
c W  2.15 65 148 7 8 1821 4 16047 3452 1.9 27 14 5 23 13% 10544 200677 25928 31%
c u  2.18 65 144 7 8 1821 4 16407 3539 1.9 28 15 5 23 13% 10546 200677 25928 31%
c v  2.20 65 144 7 8 1821 4 16407 2678 1.9 28 15 5 23 13% 10546 200677 25928 31%
c w  2.24 65 144 7 8 1821 4 16407 2310 1.9 28 15 5 23 13% 10546 200677 25928 31%
c =  2.33 65 144 7 8 1821 4 16407 2310 1.9 28 15 5 23 13% 10936 200676 25733 31%
c d  2.34 65 144 7 8 1821 4 16407 2310 1.9 28 15 5 23 13% 10537 200676 25733 31%
c t  2.35 65 144 7 8 1821 4 16407 2310 1.9 28 15 5 23 13% 10523 200676 25733 31%
c f  2.37 65 144 7 8 1821 4 16407 2310 1.9 28 15 5 23 13% 10499 200388 25751 31%
c c  2.42 65 144 7 8 1821 4 16407 2302 1.9 28 15 5 23 13% 16048 189240 22965 28%
c d  2.43 65 144 7 8 1821 4 16407 2302 1.9 28 15 5 23 13% 10476 189240 22965 28%
c u  2.44 65 144 7 8 1821 4 16407 2297 1.9 28 15 5 23 13% 10476 189240 22965 28%
c v  2.45 65 144 7 8 1821 4 16407 2201 1.9 28 15 5 23 13% 10476 189240 22965 28%
c w  2.48 65 144 7 8 1821 4 16407 1992 1.9 28 15 5 23 13% 10476 189240 22965 28%
c -  2.54 65 135 7 9 1822 3 17308 2557 1.8 28 15 6 27 13% 10476 189240 22965 28%
c -  2.61 65 115 7 10 1823 3 20309 4348 1.7 30 18 7 31 11% 10476 189240 22965 28%
c -  2.67 65 111 7 11 1826 3 23471 5871 1.7 29 17 7 30 14% 10480 189238 22965 28%
c O  2.67 65 110 7 11 1826 3 23575 5971 1.7 29 17 7 30 14% 10480 189237 22965 28%
c o  2.68 65 110 7 11 1826 3 23575 5971 1.7 29 17 7 30 14% 10480 189237 22965 28%
c
c seconds   switched    rate        size/glue  tier1     binary           remaining
c        MB   reductions  conflicts       size   tier2       irredundant
c          level   restarts    redundant     glue    trail           variables
c
c s  2.74 65 112 7 11 1827 3 25739 7935 1.7 29 17 7 30 15% 10484 188205 22965 28%
c e  2.82 65 112 7 11 1827 3 25739 7935 1.7 29 17 7 30 15% 10124 188803 22687 27%
c s  2.84 65 112 7 11 1827 3 25739 7935 1.7 29 17 7 30 15% 10124 188636 22687 27%
c ^  2.85 65 112 7 11 1827 3 25739 7935 1.7 29 17 7 30 15% 10124 188636 22687 27%
c -  2.88 65 111 7 12 1827 3 26787 7051 1.7 28 16 7 28 15% 10125 188636 22687 27%
c ]  2.89 65 112 8 12 1827 3 27351 7574 1.7 28 16 7 28 16% 10128 188636 22687 27%
c {  2.89 65 118 8 12 1827 23 27351 7574 1.5 12 8 4 11 9% 10128 188636 22687 27%
c u  2.92 65 117 8 12 1870 23 27715 7650 1.5 12 8 4 11 9% 10131 188636 22687 27%
c v  2.93 65 117 8 12 1870 23 27715 7499 1.5 12 8 4 11 9% 10131 188636 22687 27%
c w  2.94 65 117 8 12 1870 23 27715 7499 1.5 12 8 4 11 9% 10131 188636 22687 27%
c x  2.95 65 117 8 12 1870 23 27715 7499 1.5 12 8 4 11 9% 10131 188066 22687 27%
c =  2.99 65 117 8 12 1870 23 27715 7499 1.5 12 8 4 11 9% 10163 188065 22671 27%
c d  2.99 65 117 8 12 1870 23 27715 7499 1.5 12 8 4 11 9% 10130 188065 22671 27%
c f  3.01 65 117 8 12 1870 23 27715 7499 1.5 12 8 4 11 9% 10132 188060 22672 27%
c u  3.05 65 117 8 12 1870 23 27715 7125 1.5 12 8 4 11 9% 10133 188060 22672 27%
c v  3.07 65 117 8 12 1870 23 27715 6887 1.5 12 8 4 11 9% 10133 188060 22672 27%
c w  3.07 65 117 8 12 1870 23 27715 6878 1.5 12 8 4 11 9% 10133 188060 22672 27%
c =  3.11 65 117 8 12 1870 23 27715 6878 1.5 12 8 4 11 9% 10189 188060 22644 27%
c d  3.12 65 117 8 12 1870 23 27715 6878 1.5 12 8 4 11 9% 10133 188060 22644 27%
c t  3.12 65 117 8 12 1870 23 27715 6878 1.5 12 8 4 11 9% 10132 188060 22644 27%
c
c seconds   switched     rate        size/glue tier1    binary           remaining
c        MB   reductions   conflicts       size  tier2      irredundant
c          level   restarts     redundant    glue   trail           variables
c
c -  3.20 65 109 8 13 2318 22 30251 7578 1.4 12 8 6 12 8% 10177 188057 22644 27%
c }  3.28 65 106 9 13 2733 20 33512 10300 1.4 12 8 6 12 8% 10220 188052 22644 27%
c [  3.28 65 112 9 13 2733 3 33512 10300 1.7 28 16 7 28 16% 10220 188052 22644 27%
c B  3.28 65 112 9 13 2733 3 33512 10300 1.7 28 16 7 28 16% 10220 188052 22644 27%
c -  3.29 65 112 9 14 2733 3 33856 8851 1.7 28 16 7 28 16% 10220 188052 22644 27%
c -  3.41 66 108 9 15 2735 3 37597 9850 1.6 30 18 7 29 15% 10229 188051 22644 27%
c ]  3.46 66 108 10 15 2738 3 40115 12238 1.6 30 18 7 29 16% 10230 188051 22644 27%
c {  3.46 66 106 10 15 2738 20 40115 12238 1.4 12 8 6 12 8% 10230 188051 22644 27%
c -  3.51 66 106 10 16 2809 19 41470 10968 1.4 12 8 6 12 8% 10244 188048 22644 27%
c u  3.55 66 105 10 16 2886 19 42268 11354 1.4 12 8 6 12 8% 10252 188046 22644 27%
c v  3.56 66 105 10 16 2886 19 42268 11136 1.4 12 8 6 12 8% 10252 188046 22644 27%
c w  3.57 66 105 10 16 2886 19 42268 11133 1.4 12 8 6 12 8% 10252 188046 22644 27%
c x  3.59 66 105 10 16 2886 19 42268 11133 1.4 12 8 6 12 8% 10252 187141 22644 27%
c =  3.64 66 105 10 16 2886 19 42268 11133 1.4 12 8 6 12 8% 10260 187141 22640 27%
c d  3.65 66 105 10 16 2886 19 42268 11133 1.4 12 8 6 12 8% 10252 187141 22640 27%
c u  3.68 66 105 10 16 2886 19 42268 10978 1.4 12 8 6 12 8% 10252 187141 22640 27%
c v  3.70 66 105 10 16 2886 19 42268 10779 1.4 12 8 6 12 8% 10252 187141 22640 27%
c w  3.70 66 105 10 16 2886 19 42268 10766 1.4 12 8 6 12 8% 10252 187141 22640 27%
c x  3.72 66 105 10 16 2886 19 42268 10753 1.4 12 8 6 12 8% 10252 186740 22640 27%
c =  3.77 66 105 10 16 2886 19 42268 10753 1.4 12 8 6 12 8% 10384 186740 22574 27%
c
c seconds    switched     rate         size/glue tier1    binary           remaining
c        MB    reductions   conflicts        size  tier2      irredundant
c          level    restarts      redundant    glue   trail           variables
c
c d  3.78 66 105 10 16 2886 19 42268 10753 1.4 12 8 6 12 8% 10252 186740 22574 27%
c t  3.79 66 105 10 16 2886 19 42268 10753 1.4 12 8 6 12 8% 10248 186740 22574 27%
c o  3.84 66 105 10 16 2979 18 43584 11881 1.4 12 8 6 12 8% 10268 186735 22574 27%
c -  3.89 66 103 10 17 3173 18 45471 11632 1.4 12 8 6 12 8% 10300 186733 22574 27%
c }  3.98 66 103 11 17 3516 17 48742 14388 1.4 12 9 6 12 8% 10324 186731 22574 27%
c [  3.98 66 108 11 17 3516 3 48742 14388 1.6 30 18 7 29 16% 10324 186731 22574 27%
c W  3.99 66 108 11 17 3516 3 48742 14388 1.6 30 18 7 29 16% 10324 186731 22574 27%
c -  4.02 66 111 11 18 3516 3 49595 13003 1.7 30 18 7 28 17% 10324 186731 22574 27%
c s  4.14 66 109 11 18 3519 3 53273 16441 1.7 30 18 7 28 16% 10330 186547 22574 27%
c e  4.24 67 109 11 18 3519 3 53273 16441 1.7 30 18 7 28 16% 4416 196665 19561 24%
c s  4.26 67 109 11 18 3519 3 53273 16441 1.7 30 18 7 28 16% 4416 195228 19561 24%
c ^  4.28 67 109 11 18 3519 3 53273 16441 1.7 30 18 7 28 16% 4416 195228 19561 24%
c -  4.31 67 109 11 19 3519 3 53838 12430 1.7 30 18 7 28 17% 4417 195228 19561 24%
c -  4.41 67 105 11 20 3522 3 58196 14149 1.7 30 18 6 26 16% 4423 195227 19561 24%
c ]  4.43 67 105 12 20 3522 3 59108 15021 1.7 30 18 6 26 16% 4423 195227 19561 24%
c {  4.43 67 103 12 20 3522 17 59108 15021 1.4 12 9 6 12 8% 4423 195227 19561 24%
c c  4.49 67 103 12 20 3605 17 60169 15862 1.4 12 9 6 12 8% 5178 193735 19188 23%
c d  4.50 67 103 12 20 3605 17 60169 15862 1.4 12 9 6 12 8% 4432 193735 19188 23%
c u  4.52 67 103 12 20 3605 17 60169 15554 1.4 12 9 6 12 8% 4432 193735 19188 23%
c v  4.53 67 103 12 20 3605 17 60169 15349 1.4 12 9 6 12 8% 4432 193735 19188 23%
c
c seconds    switched     rate         size/glue tier1    binary          remaining
c        MB    reductions   conflicts        size  tier2     irredundant
c          level    restarts      redundant    glue   trail          variables
c
c w  4.54 67 103 12 20 3605 17 60169 15337 1.4 12 9 6 12 8% 4432 193735 19188 23%
c x  4.56 67 103 12 20 3605 17 60169 15331 1.4 12 9 6 12 8% 4432 193550 19188 23%
c =  4.63 67 103 12 20 3605 17 60169 15331 1.4 12 9 6 12 8% 4436 193550 19186 23%
c d  4.63 67 103 12 20 3605 17 60169 15331 1.4 12 9 6 12 8% 4432 193550 19186 23%
c f  4.66 67 103 12 20 3605 17 60169 15331 1.4 12 9 6 12 8% 4435 193542 19187 23%
c u  4.69 67 103 12 20 3605 17 60169 15264 1.4 12 9 6 12 8% 4435 193542 19187 23%
c v  4.70 67 103 12 20 3605 17 60169 15035 1.4 12 9 6 12 8% 4435 193542 19187 23%
c w  4.71 67 103 12 20 3605 17 60169 15021 1.4 12 9 6 12 8% 4435 193542 19187 23%
c x  4.72 67 103 12 20 3605 17 60169 15021 1.4 12 9 6 12 8% 4435 193530 19187 23%
c -  4.88 67 101 12 21 3833 16 62671 15202 1.4 12 9 6 12 8% 4452 193530 19187 23%
c -  5.00 67 101 12 22 4418 16 67253 17064 1.4 12 9 6 12 8% 4497 193527 19187 23%
c }  5.06 67 99 13 22 4762 15 70587 19749 1.4 12 9 6 12 8% 4519 193524 19187 23%
c [  5.06 67 105 13 22 4762 3 70587 19749 1.7 30 18 6 26 16% 4519 193524 19187 23%
c I  5.06 67 105 13 22 4762 3 70587 19749 1.7 30 18 6 26 16% 4519 193524 19187 23%
c -  5.10 67 105 13 23 4763 3 71943 18536 1.7 30 18 6 26 17% 4519 193524 19187 23%
c -  5.20 67 104 13 24 4766 3 76738 19829 1.7 30 18 6 26 17% 4528 193524 19187 23%
c ]  5.36 67 104 14 24 4768 3 81417 24246 1.7 31 18 6 26 17% 4539 193524 19187 23%
c {  5.36 67 99 14 24 4768 15 81417 24246 1.4 12 9 6 12 8% 4539 193524 19187 23%
c o  5.37 67 99 14 24 4771 15 81443 24270 1.4 12 9 6 12 8% 4540 193524 19187 23%
c u  5.43 67 99 14 24 4793 15 81553 23582 1.4 12 9 6 12 8% 4540 193524 19187 23%
c
c seconds   switched     rate         size/glue tier1    binary          remaining
c        MB   reductions   conflicts        size  tier2     irredundant
c         level    restarts      redundant    glue   trail          variables
c
c v  5.45 67 99 14 24 4793 15 81553 23209 1.4 12 9 6 12 8% 4540 193524 19187 23%
c w  5.47 67 99 14 24 4793 15 81553 23202 1.4 12 9 6 12 8% 4540 193524 19187 23%
c -  5.50 67 99 14 25 4797 15 81638 19751 1.4 12 9 6 12 8% 4540 193524 19187 23%
c -  5.64 67 99 14 26 5429 15 86638 21410 1.4 13 9 6 12 8% 4564 193522 19187 23%
c -  5.76 67 99 14 27 5984 15 91740 23352 1.4 13 9 6 12 8% 4594 193521 19187 23%
c }  5.86 67 96 15 27 6576 14 96132 27026 1.4 13 9 6 12 8% 4617 193521 19187 23%
c [  5.86 67 104 15 27 6576 3 96132 27026 1.7 31 18 6 26 17% 4617 193521 19187 23%
c B  5.86 67 104 15 27 6576 3 96132 27026 1.7 31 18 6 26 17% 4617 193521 19187 23%
c -  5.89 67 105 15 28 6576 3 96936 25045 1.7 31 18 6 26 17% 4619 193521 19187 23%
c s  5.95 67 105 15 28 6577 3 97631 25723 1.7 31 18 6 26 17% 4620 193254 19187 23%
c e  6.05 67 105 15 28 6577 3 97631 25723 1.7 31 18 6 26 17% 3316 197431 18058 22%
c s  6.09 67 105 15 28 6577 3 97631 25723 1.7 31 18 6 26 17% 3348 196806 18058 22%
c e  6.10 67 105 15 28 6577 3 97631 25723 1.7 31 18 6 26 17% 3348 196810 18057 22%
c ^  6.10 67 105 15 28 6577 3 97631 25723 1.7 31 18 6 26 17% 3348 196810 18057 22%
c -  6.21 67 104 15 29 6580 3 102228 22864 1.7 31 19 6 26 17% 3350 196809 18057 22%
c u  6.34 67 102 15 29 6582 3 106544 25146 1.7 31 19 6 26 16% 3359 196808 18057 22%
c v  6.36 67 102 15 29 6582 3 106544 24701 1.7 31 19 6 26 16% 3359 196808 18057 22%
c w  6.38 67 102 15 29 6582 3 106544 24700 1.7 31 19 6 26 16% 3359 196808 18057 22%
c x  6.40 67 102 15 29 6582 3 106544 24677 1.7 31 19 6 26 16% 3359 196598 18057 22%
c -  6.55 67 101 15 30 6582 3 107613 22132 1.7 31 19 6 26 16% 3360 196598 18057 22%
c
c seconds   switched    rate          size/glue  tier1     binary          remaining
c        MB   reductions  conflicts         size   tier2      irredundant
c         level    restarts      redundant     glue    trail          variables
c
c -  6.66 67 96 15 31 6585 3 113090 23216 1.7 32 19 6 26 15% 3362 196597 18057 22%
c ]  6.68 67 96 16 31 6586 3 114046 24130 1.7 32 19 6 26 15% 3362 196597 18057 22%
c {  6.68 67 96 16 31 6586 14 114046 24130 1.4 13 9 6 12 8% 3362 196597 18057 22%
c -  6.80 67 95 16 32 7119 14 118657 24718 1.4 13 9 6 12 8% 3364 196593 18057 22%
c o  6.87 67 95 16 32 7405 14 121460 27000 1.4 13 9 6 12 7% 3366 196593 18057 22%
c -  6.95 67 94 16 33 7732 14 124315 26633 1.4 13 9 6 12 7% 3366 196589 18057 22%
c -  7.09 67 95 16 34 8294 14 130059 28372 1.4 13 9 6 12 7% 3371 196587 18057 22%
c }  7.14 67 95 17 34 8491 13 132383 30435 1.4 13 9 6 12 8% 3371 196585 18057 22%
c [  7.14 67 96 17 34 8491 3 132383 30435 1.7 32 19 6 26 15% 3371 196585 18057 22%
c W  7.16 67 96 17 34 8491 3 132383 30435 1.7 32 19 6 26 15% 3371 196585 18057 22%
c u  7.27 67 98 17 34 8493 3 135231 32647 1.6 32 20 6 26 15% 3374 196584 18057 22%
c v  7.29 67 98 17 34 8493 3 135231 32297 1.6 32 20 6 26 15% 3374 196584 18057 22%
c w  7.30 67 98 17 34 8493 3 135231 32288 1.6 32 20 6 26 15% 3374 196584 18057 22%
c x  7.32 67 98 17 34 8493 3 135231 32231 1.6 32 20 6 26 15% 3374 196435 18057 22%
c -  7.37 67 98 17 35 8493 3 135889 29128 1.6 32 20 6 26 15% 3374 196435 18057 22%
c -  7.52 67 100 17 36 8497 3 141807 30263 1.6 32 20 6 26 16% 3385 196434 18057 22%
c -  7.65 67 96 17 37 8500 2 147807 31692 1.7 32 19 6 25 16% 3385 196434 18057 22%
c -  7.78 68 97 17 38 8504 2 153889 32857 1.6 33 20 6 26 15% 3387 196434 18057 22%
c ]  7.78 68 97 18 38 8504 2 154012 32978 1.6 33 20 6 26 15% 3387 196434 18057 22%
c {  7.78 68 95 18 38 8504 13 154012 32978 1.4 13 9 6 12 8% 3387 196434 18057 22%
c
c seconds   switched     rate          size/glue tier1    binary          remaining
c        MB   reductions   conflicts         size  tier2     irredundant
c         level    restarts       redundant    glue   trail          variables
c
c -  7.95 68 97 18 39 8781 13 160056 34046 1.4 13 9 6 12 8% 3394 196429 18057 22%
c s  8.02 68 96 18 39 8845 13 160671 34523 1.4 13 9 6 12 8% 3396 195847 18057 22%
c e  8.13 68 96 18 39 8845 13 160671 34523 1.4 13 9 6 12 8% 3072 202622 16964 21%
c 2  8.13 68 96 18 39 8845 13 160671 34523 1.4 13 9 6 12 8% 3066 202622 16964 21%
c s  8.18 68 96 18 39 8845 13 160671 34523 1.4 13 9 6 12 8% 3071 200777 16964 21%
c e  8.21 68 96 18 39 8845 13 160671 34523 1.4 13 9 6 12 8% 3071 200778 16963 21%
c ^  8.21 68 96 18 39 8845 13 160671 34523 1.4 13 9 6 12 8% 3071 200778 16963 21%
c -  8.34 68 94 18 40 9172 12 166301 30762 1.4 13 9 6 12 8% 3073 200764 16963 21%
c u  8.43 68 94 18 40 9256 12 167701 31354 1.4 13 9 6 12 8% 3077 200762 16963 21%
c v  8.45 68 94 18 40 9256 12 167701 30917 1.4 13 9 6 12 8% 3077 200762 16963 21%
c w  8.46 68 94 18 40 9256 12 167701 30899 1.4 13 9 6 12 8% 3077 200762 16963 21%
c x  8.49 68 94 18 40 9256 12 167701 30876 1.4 13 9 6 12 8% 3077 200278 16963 21%
c t  8.50 68 94 18 40 9256 12 167701 30876 1.4 13 9 6 12 8% 3075 200278 16963 21%
c o  8.62 68 92 18 40 9658 12 171620 34102 1.4 13 9 6 12 8% 3086 200277 16963 21%
c -  8.66 68 92 18 41 9725 11 172627 32612 1.4 13 9 6 12 8% 3090 200277 16963 21%
c }  8.77 68 92 19 41 10067 11 176360 35831 1.4 13 9 6 12 8% 3096 200274 16963 21%
c [  8.77 68 97 19 41 10067 2 176360 35831 1.6 33 20 6 26 15% 3096 200274 16963 21%
c O  8.77 68 97 19 41 10067 2 176360 35831 1.6 33 20 6 26 15% 3096 200274 16963 21%
c -  8.84 68 98 19 42 10069 2 179031 35171 1.6 32 20 6 26 15% 3099 200274 16963 21%
c -  8.98 68 100 19 43 10073 2 185511 36878 1.6 32 20 6 25 16% 3105 200273 16963 21%
c
c seconds    switched     rate          size/glue  tier1     binary          remaining
c        MB    reductions   conflicts         size   tier2      irredundant
c          level    restarts       redundant     glue    trail          variables
c
c -  9.15 68 102 19 44 10076 2 192068 38252 1.6 32 20 6 25 16% 3107 200271 16963 21%
c -  9.30 68 102 19 45 10080 2 198701 39626 1.6 32 20 6 25 16% 3110 200268 16963 21%
c ]  9.41 68 102 20 45 10081 2 202328 43142 1.7 33 20 6 25 16% 3111 200268 16963 21%
c {  9.41 68 92 20 45 10081 11 202328 43142 1.4 13 9 6 12 8% 3111 200268 16963 21%
c u  9.50 68 92 20 45 10180 11 204089 44057 1.4 13 9 6 12 8% 3114 200263 16963 21%
c v  9.53 68 92 20 45 10180 11 204089 43427 1.4 13 9 6 12 8% 3114 200263 16963 21%
c w  9.55 68 92 20 45 10180 11 204089 43422 1.4 13 9 6 12 8% 3114 200263 16963 21%
c x  9.58 68 92 20 45 10180 11 204089 43409 1.4 13 9 6 12 8% 3114 199631 16963 21%
c -  9.77 68 92 20 46 10290 11 205410 40279 1.4 13 9 6 12 8% 3114 199628 16963 21%
c -  9.94 68 91 20 47 10690 11 212193 41998 1.4 13 9 6 11 8% 3115 199621 16963 21%
c - 10.11 68 90 20 48 11180 11 219049 43938 1.4 14 9 6 11 8% 3117 199609 16963 21%
c - 10.30 68 90 20 49 11789 11 225977 45750 1.4 14 9 6 11 8% 3121 199601 16963 21%
c } 10.39 68 89 21 49 11996 11 229067 48292 1.4 14 9 6 11 8% 3124 199598 16963 21%
c [ 10.39 68 102 21 49 11996 2 229067 48292 1.7 33 20 6 25 16% 3124 199598 16963 21%
c B 10.39 68 102 21 49 11996 2 229067 48292 1.7 33 20 6 25 16% 3124 199598 16963 21%
c - 10.49 68 103 21 50 11998 2 232977 47274 1.6 33 20 5 25 17% 3126 199598 16963 21%
c o 10.51 68 103 21 50 11999 2 233243 47528 1.6 33 20 5 25 17% 3126 199598 16963 21%
c - 10.68 68 99 21 51 12002 2 240049 47894 1.6 33 20 5 24 16% 3130 199598 16963 21%
c s 10.82 68 96 21 51 12005 2 244185 51733 1.7 33 20 5 24 16% 3134 194224 16963 21%
c e 11.00 91 96 21 51 12005 2 244185 51733 1.7 33 20 5 24 16% 2780 238149 12645 15%
c
c seconds   switched     rate          size/glue  tier1     binary          remaining
c        MB   reductions   conflicts         size   tier2      irredundant
c         level    restarts       redundant     glue    trail          variables
c
c s 11.07 91 96 21 51 12005 2 244185 51733 1.7 33 20 5 24 16% 2782 236291 12645 15%
c ! 11.11 91 96 21 51 12005 2 244185 51733 1.7 33 20 5 24 16% 2782 236291 12645 15%
c u 11.17 84 96 21 51 12005 2 244413 32613 1.7 33 20 5 24 16% 2782 236291 12645 15%
c v 11.20 86 96 21 51 12005 2 244413 32059 1.7 33 20 5 24 16% 2782 236291 12645 15%
c w 11.21 86 96 21 51 12005 2 244413 32019 1.7 33 20 5 24 16% 2782 236291 12645 15%
c x 11.25 86 96 21 51 12005 2 244413 32003 1.7 33 20 5 24 16% 2782 235901 12645 15%
c t 11.26 86 96 21 51 12005 2 244413 32003 1.7 33 20 5 24 16% 2780 235901 12645 15%
c - 11.36 87 97 21 52 12007 2 247190 31018 1.7 32 20 5 24 16% 2782 235901 12645 15%
c - 11.51 88 97 21 53 12009 2 254402 33992 1.6 33 20 5 24 16% 2785 235900 12645 15%
c W 11.69 73 97 21 53 12010 2 260518 39839 1.7 33 20 5 24 17% 2791 235900 12645 15%
c - 11.71 73 97 21 54 12010 2 261682 36152 1.7 33 20 5 24 17% 2792 235900 12645 15%
c ] 11.74 89 97 22 54 12010 2 262630 37072 1.7 33 20 5 24 17% 2792 235899 12645 15%
c { 11.74 89 89 22 54 12010 11 262630 37072 1.4 14 9 6 11 8% 2792 235899 12645 15%
c - 12.11 88 87 22 55 13255 11 269030 39053 1.4 14 10 6 12 8% 2823 235897 12645 15%
c - 12.60 86 86 22 56 14693 11 276446 41930 1.4 14 10 6 12 8% 2857 235892 12645 15%
c - 13.15 89 84 22 57 16147 12 283929 44538 1.4 15 10 6 12 8% 2874 235891 12645 15%
c u 13.61 91 83 22 57 17105 12 289160 47473 1.4 15 11 6 12 8% 2900 235889 12645 15%
c v 13.66 91 83 22 57 17105 12 289160 45596 1.4 15 11 6 12 8% 2900 235889 12645 15%
c w 13.69 92 83 22 57 17105 12 289160 45572 1.4 15 11 6 12 8% 2900 235889 12645 15%
c x 13.75 92 83 22 57 17105 12 289160 45546 1.4 15 11 6 12 8% 2900 233937 12645 15%
c
c seconds   switched      rate          size/glue  tier1    binary          remaining
c        MB   reductions    conflicts         size   tier2     irredundant
c         level    restarts        redundant     glue   trail          variables
c
c t 13.77 92 83 22 57 17105 12 289160 45546 1.4 15 11 6 12 8% 2898 233937 12645 15%
c - 14.01 88 82 22 58 17525 12 291478 43229 1.4 15 11 6 12 8% 2911 233934 12645 15%
c } 14.23 89 82 23 58 18035 12 294146 45768 1.4 15 11 6 12 8% 2923 233934 12645 15%
c [ 14.23 89 97 23 58 18035 2 294146 45768 1.7 33 20 5 24 17% 2923 233934 12645 15%
c I 14.27 89 98 23 58 18036 2 295869 47430 1.7 33 20 5 24 17% 2923 233934 12645 15%
c - 14.33 90 98 23 59 18038 2 299093 44684 1.7 33 20 5 24 17% 2934 233934 12645 15%
c - 14.55 86 99 23 60 18041 2 306775 44258 1.7 34 20 5 24 18% 2938 233933 12645 15%
c - 14.79 87 100 23 61 18047 2 314521 44181 1.7 34 20 5 24 18% 2943 233933 12645 15%
c - 14.97 89 98 23 62 18049 2 322331 45259 1.7 33 20 5 24 18% 2946 233933 12645 15%
c o 15.11 89 98 23 62 18050 2 328077 50676 1.7 34 20 5 24 18% 2948 233933 12645 15%
c - 15.23 90 99 23 63 18052 2 330205 46624 1.7 34 20 5 24 19% 2948 233933 12645 15%
c B 15.34 90 100 23 63 18055 2 335309 51507 1.7 34 20 5 24 19% 2950 233933 12645 15%
c u 15.47 73 99 23 63 18056 2 338015 52217 1.7 34 20 5 24 18% 2954 233933 12645 15%
c v 15.51 73 99 23 63 18056 2 338015 51444 1.7 34 20 5 24 18% 2954 233933 12645 15%
c w 15.54 73 99 23 63 18056 2 338015 51418 1.7 34 20 5 24 18% 2954 233933 12645 15%
c x 15.60 73 99 23 63 18056 2 338015 51412 1.7 34 20 5 24 18% 2954 229885 12645 15%
c - 15.63 73 99 23 64 18056 2 338145 45460 1.7 34 20 5 24 18% 2954 229885 12645 15%
c - 15.81 89 98 23 65 18061 2 346146 46590 1.7 35 20 5 24 18% 2958 229884 12645 15%
c s 16.02 90 99 23 65 18063 2 350586 50814 1.7 35 21 5 24 18% 2958 226580 12645 15%
c e 16.11 91 99 23 65 18063 2 350586 50814 1.7 35 21 5 24 18% 2951 229655 12440 15%
c
c seconds   switched     rate          size/glue  tier1     binary          remaining
c        MB   reductions   conflicts         size   tier2      irredundant
c         level    restarts       redundant     glue    trail          variables
c
c s 16.17 91 99 23 65 18063 2 350586 50814 1.7 35 21 5 24 18% 2951 229209 12440 15%
c e 16.20 91 99 23 65 18063 2 350586 50814 1.7 35 21 5 24 18% 2951 229210 12435 15%
c - 16.31 85 100 23 66 18064 2 354208 46628 1.7 35 21 5 24 18% 2951 229210 12435 15%
c - 16.52 86 98 23 67 18065 2 362332 48190 1.7 35 21 5 24 18% 2952 229210 12435 15%
c - 16.77 87 99 23 68 18065 2 370517 49345 1.7 36 22 5 24 18% 2959 229210 12435 15%
c - 17.02 88 97 23 69 18066 2 378763 49864 1.7 37 22 5 24 18% 2960 229210 12435 15%
c W 17.04 73 97 23 69 18066 2 379020 50085 1.7 37 22 5 24 18% 2960 229210 12435 15%
c - 17.22 89 99 23 70 18071 2 387070 51912 1.7 37 22 5 24 18% 2966 229210 12435 15%
c u 17.36 90 100 23 70 18072 2 391024 53467 1.7 37 22 5 24 17% 2968 229210 12435 15%
c v 17.39 90 100 23 70 18072 2 391024 52948 1.7 37 22 5 24 17% 2968 229210 12435 15%
c w 17.42 91 100 23 70 18072 2 391024 52936 1.7 37 22 5 24 17% 2968 229210 12435 15%
c x 17.46 91 100 23 70 18072 2 391024 52914 1.7 37 22 5 24 17% 2968 228186 12435 15%
c f 17.68 75 100 23 70 18072 2 391024 52914 1.7 37 22 5 24 17% 2990 227943 12446 15%
c u 17.74 86 100 23 70 18072 2 391024 49857 1.7 37 22 5 24 17% 2992 227943 12446 15%
c v 17.77 87 100 23 70 18072 2 391024 49310 1.7 37 22 5 24 17% 2992 227943 12446 15%
c w 17.80 87 100 23 70 18072 2 391024 49261 1.7 37 22 5 24 17% 2992 227943 12446 15%
c x 17.83 87 100 23 70 18072 2 391024 49249 1.7 37 22 5 24 17% 2992 226797 12446 15%
c - 17.98 88 101 23 71 18075 2 395437 47591 1.7 37 22 5 24 17% 2993 226797 12446 15%
c ] 18.07 89 102 24 71 18078 2 399431 51372 1.7 37 22 5 24 17% 2994 226797 12446 15%
c { 18.07 89 82 24 71 18078 12 399431 51372 1.4 15 11 6 12 8% 2994 226797 12446 15%
c
c seconds   switched      rate          size/glue  tier1    binary          remaining
c        MB   reductions    conflicts         size   tier2     irredundant
c         level    restarts        redundant     glue   trail          variables
c
c - 18.21 87 83 24 72 18234 12 403866 49702 1.4 15 11 6 12 8% 2994 226797 12446 15%
c o 18.32 88 83 24 72 18399 12 408171 53219 1.4 15 11 6 12 8% 2999 226797 12446 15%
c - 18.45 86 83 24 73 18582 11 412351 52497 1.4 15 11 6 12 8% 2999 226797 12446 15%
c - 18.69 90 84 24 74 18839 11 420895 54642 1.4 15 11 6 12 9% 3000 226797 12446 15%
c - 18.91 87 83 24 75 19203 10 429497 56085 1.4 15 11 6 12 8% 3001 226797 12446 15%
c } 19.09 89 84 25 75 19460 10 436110 61822 1.4 16 11 6 12 9% 3005 226797 12446 15%
c [ 19.09 89 102 25 75 19460 2 436110 61822 1.7 37 22 5 24 17% 3005 226797 12446 15%
c O 19.09 89 102 25 75 19460 2 436110 61822 1.7 37 22 5 24 17% 3005 226797 12446 15%
c - 19.13 89 103 25 76 19461 2 438158 57653 1.7 37 22 5 24 17% 3005 226797 12446 15%
c - 19.35 86 105 25 77 19466 2 446876 57853 1.7 38 23 5 25 18% 3015 226797 12446 15%
c u 19.44 88 105 25 77 19466 2 448238 57984 1.7 38 23 5 25 18% 3025 226797 12446 15%
c v 19.47 88 105 25 77 19466 2 448238 57006 1.7 38 23 5 25 18% 3025 226797 12446 15%
c w 19.50 88 105 25 77 19466 2 448238 56982 1.7 38 23 5 25 18% 3025 226797 12446 15%
c x 19.54 89 105 25 77 19466 2 448238 56970 1.7 38 23 5 25 18% 3025 225666 12446 15%
c - 19.74 90 105 25 78 19472 2 455650 56402 1.7 37 22 5 25 18% 3032 225666 12446 15%
c - 19.99 90 105 25 79 19474 2 464483 58164 1.7 38 22 5 25 19% 3033 225666 12446 15%
c - 20.22 85 106 25 80 19477 2 473371 59691 1.7 37 22 5 25 19% 3037 225666 12446 15%
c ] 20.29 86 105 26 80 19480 2 476762 62872 1.7 38 22 5 25 19% 3037 225666 12446 15%
c { 20.29 86 84 26 80 19480 10 476762 62872 1.4 16 11 6 12 9% 3037 225666 12446 15%
c s 20.45 90 85 26 80 19630 10 480492 66041 1.4 16 11 6 12 9% 3042 225541 12446 15%
c
c seconds   switched      rate          size/glue  tier1    binary          remaining
c        MB   reductions    conflicts         size   tier2     irredundant
c         level    restarts        redundant     glue   trail          variables
c
c e 20.49 91 85 26 80 19630 10 480492 66041 1.4 16 11 6 12 9% 3042 225639 12435 15%
c s 20.50 91 85 26 80 19630 10 480492 66041 1.4 16 11 6 12 9% 3042 225568 12435 15%
c - 20.59 87 85 26 81 19701 10 482315 61832 1.4 16 11 6 12 9% 3044 225568 12435 15%
c - 20.83 91 84 26 82 20236 10 491315 64121 1.4 16 11 6 12 9% 3044 225568 12435 15%
c o 21.05 89 85 26 82 20512 10 498333 70154 1.5 16 11 6 12 9% 3045 225568 12435 15%
c - 21.10 90 84 26 83 20566 9 500371 66212 1.5 16 11 6 12 9% 3045 225568 12435 15%
c - 21.37 90 83 26 84 20928 9 509481 67704 1.5 16 11 6 12 9% 3048 225568 12435 15%
c u 21.44 91 83 26 84 20934 9 509762 67177 1.5 16 11 6 12 9% 3048 225568 12435 15%
c v 21.48 91 83 26 84 20934 9 509762 65771 1.5 16 11 6 12 9% 3048 225568 12435 15%
c w 21.50 91 83 26 84 20934 9 509762 65724 1.5 16 11 6 12 9% 3048 225568 12435 15%
c x 21.54 92 83 26 84 20934 9 509762 65713 1.5 16 11 6 12 9% 3048 224263 12435 15%
c - 21.79 89 82 26 85 21301 9 518646 66246 1.5 16 11 6 12 9% 3049 224263 12435 15%
c } 21.79 89 82 27 85 21325 9 518981 66487 1.5 16 11 6 12 9% 3049 224263 12435 15%
c [ 21.79 89 105 27 85 21325 2 518981 66487 1.7 38 22 5 25 19% 3049 224263 12435 15%
c B 21.79 89 105 27 85 21325 2 518981 66487 1.7 38 22 5 25 19% 3049 224263 12435 15%
c - 21.96 91 103 27 86 21331 2 527865 67730 1.7 37 22 5 24 18% 3050 224263 12435 15%
c - 22.22 87 103 27 87 21336 2 537140 68110 1.7 38 23 5 24 19% 3050 224263 12435 15%
c - 22.46 88 104 27 88 21339 2 546468 67739 1.6 38 23 5 25 18% 3052 224263 12435 15%
c - 22.72 89 103 27 89 21342 2 555848 68134 1.6 38 23 5 24 18% 3055 224263 12435 15%
c - 22.90 90 101 27 90 21346 2 565281 69057 1.6 39 24 5 25 17% 3058 224263 12435 15%
c
c seconds    switched     rate          size/glue  tier1     binary          remaining
c        MB    reductions   conflicts         size   tier2      irredundant
c          level    restarts       redundant     glue    trail          variables
c
c ] 22.96 90 102 28 90 21349 2 568050 71694 1.6 39 24 5 25 17% 3058 224263 12435 15%
c { 22.96 90 82 28 90 21349 9 568050 71694 1.5 16 11 6 12 9% 3058 224263 12435 15%
c - 23.11 88 80 28 91 21560 9 574768 70681 1.5 16 11 6 12 8% 3059 224263 12435 15%
c u 23.22 73 80 28 91 21630 9 575639 70452 1.5 16 11 6 12 8% 3060 224263 12435 15%
c v 23.26 73 80 28 91 21630 9 575639 69406 1.5 16 11 6 12 8% 3060 224263 12435 15%
c w 23.28 73 80 28 91 21630 9 575639 69366 1.5 16 11 6 12 8% 3060 224263 12435 15%
c x 23.32 73 80 28 91 21630 9 575639 69363 1.5 16 11 6 12 8% 3060 222724 12435 15%
c - 23.64 90 80 28 92 22001 8 584307 70764 1.5 16 11 6 12 9% 3062 222724 12435 15%
c - 23.86 91 79 28 93 22433 8 593898 72275 1.5 16 11 6 12 8% 3065 222724 12435 15%
c o 24.01 88 79 28 93 22674 8 598383 76011 1.5 16 11 6 12 8% 3066 222724 12435 15%
c - 24.21 89 80 28 94 22939 8 603541 73941 1.5 16 11 6 12 9% 3066 222724 12435 15%
c - 24.48 89 79 28 95 23561 8 613237 74578 1.5 16 11 6 12 8% 3066 222724 12435 15%
c } 24.56 90 78 29 95 23746 8 616191 76979 1.5 16 11 6 12 8% 3066 222724 12435 15%
c [ 24.56 90 102 29 95 23746 2 616191 76979 1.6 39 24 5 25 17% 3066 222724 12435 15%
c W 24.59 73 102 29 95 23746 2 616191 76979 1.6 39 24 5 25 17% 3066 222724 12435 15%
c - 24.78 90 101 29 96 23751 2 622983 74748 1.6 39 24 5 25 17% 3068 222724 12435 15%
c - 25.05 86 101 29 97 23755 2 632780 74428 1.6 39 24 5 25 17% 3073 222724 12435 15%
c s 25.15 87 101 29 97 23758 2 635406 76892 1.6 39 24 5 25 17% 3074 222684 12435 15%
c e 25.18 90 101 29 97 23758 2 635406 76892 1.6 39 24 5 25 17% 3074 222733 12429 15%
c s 25.19 90 101 29 97 23758 2 635406 76892 1.6 39 24 5 25 17% 3074 222712 12429 15%
c
c seconds    switched     rate          size/glue  tier1     binary          remaining
c        MB    reductions   conflicts         size   tier2      irredundant
c          level    restarts       redundant     glue    trail          variables
c
c - 25.40 90 100 29 98 23760 2 642628 74450 1.6 39 24 5 25 17% 3075 222712 12429 15%
c u 25.56 91 100 29 98 23760 2 645912 76245 1.6 39 24 5 25 17% 3076 222712 12429 15%
c v 25.60 92 100 29 98 23760 2 645912 75377 1.6 39 24 5 25 17% 3076 222712 12429 15%
c w 25.64 92 100 29 98 23760 2 645912 75340 1.6 39 24 5 25 17% 3076 222712 12429 15%
c x 25.68 92 100 29 98 23760 2 645912 75321 1.6 39 24 5 25 17% 3076 221668 12429 15%
c - 26.18 87 101 29 99 23763 2 652527 73259 1.6 39 24 5 25 17% 3081 221668 12429 15%
c - 26.48 89 102 29 100 23768 2 662476 73942 1.6 40 25 5 25 17% 3081 221668 12429 15%
c ] 26.51 89 103 30 100 23768 2 663476 74903 1.6 40 25 5 25 17% 3082 221668 12429 15%
c { 26.51 89 78 30 100 23768 8 663476 74903 1.5 16 11 6 12 8% 3082 221668 12429 15%
c - 26.85 90 79 30 101 24348 8 672476 75990 1.5 16 11 6 12 9% 3086 221668 12429 15%
c - 27.07 91 77 30 102 24761 8 682525 77732 1.5 16 11 6 12 8% 3086 221668 12429 15%
c - 27.36 91 78 30 103 25175 8 692626 78786 1.5 16 11 6 12 8% 3088 221668 12429 15%
c - 27.60 90 76 30 104 25545 7 702774 80214 1.5 16 11 6 12 8% 3089 221668 12429 15%
c o 27.77 91 76 30 104 25922 7 708388 84782 1.5 16 11 6 12 8% 3089 221668 12429 15%
c - 27.91 90 76 30 105 26147 7 712973 81809 1.5 16 11 6 12 8% 3089 221668 12429 15%
c } 28.01 91 76 31 105 26241 7 717911 85593 1.5 16 11 6 12 8% 3090 221668 12429 15%
c [ 28.01 91 103 31 105 26241 2 717911 85593 1.6 40 25 5 25 17% 3090 221668 12429 15%
c I 28.01 91 103 31 105 26241 2 717911 85593 1.6 40 25 5 25 17% 3090 221668 12429 15%
c u 28.14 92 102 31 105 26243 2 720641 86676 1.6 40 25 5 25 17% 3090 221668 12429 15%
c v 28.19 92 102 31 105 26243 2 720641 84836 1.6 40 25 5 25 17% 3090 221668 12429 15%
c
c seconds    switched      rate          size/glue  tier1     binary          remaining
c        MB    reductions    conflicts         size   tier2      irredundant
c          level     restarts       redundant     glue    trail          variables
c
c w 28.22 92 102 31 105 26243 2 720641 84775 1.6 40 25 5 25 17% 3090 221668 12429 15%
c x 28.26 93 102 31 105 26243 2 720641 84769 1.6 40 25 5 25 17% 3090 220283 12429 15%
c - 28.38 85 101 31 106 26245 2 723219 79536 1.6 40 25 5 25 17% 3091 220283 12429 15%
c - 28.67 88 98 31 107 26250 2 733514 80448 1.6 40 25 5 25 17% 3091 220283 12429 15%
c - 28.96 89 97 31 108 26255 2 743858 81411 1.6 40 25 5 25 17% 3091 220283 12429 15%
c - 29.24 90 95 31 109 26258 2 754251 81932 1.6 41 25 5 25 17% 3092 220283 12429 15%
c - 29.58 91 96 31 110 26263 2 764692 81891 1.6 41 25 5 25 17% 3095 220283 12429 15%
c ] 29.69 91 97 32 110 26266 2 769521 86426 1.7 41 25 5 25 17% 3096 220283 12429 15%
c { 29.69 91 76 32 110 26266 7 769521 86426 1.5 16 11 6 12 8% 3096 220283 12429 15%
c - 29.86 89 75 32 111 26480 7 775180 82671 1.5 16 11 6 12 8% 3099 220283 12429 15%
c - 30.17 89 74 32 112 27126 7 785715 84613 1.5 16 11 6 12 8% 3102 220283 12429 15%
c - 30.46 85 73 32 113 27769 7 796299 86269 1.5 16 11 6 12 8% 3104 220283 12429 15%
c u 30.62 89 72 32 113 27917 7 799867 87896 1.5 16 11 6 12 8% 3105 220283 12429 15%
c v 30.67 89 72 32 113 27917 7 799867 85525 1.5 16 11 6 12 8% 3105 220283 12429 15%
c w 30.69 90 72 32 113 27917 7 799867 85476 1.5 16 11 6 12 8% 3105 220283 12429 15%
c x 30.75 91 72 32 113 27917 7 799867 85449 1.5 16 11 6 12 8% 3105 218228 12429 15%
c - 31.02 91 72 32 114 28286 7 806930 84243 1.5 16 11 6 12 8% 3108 218228 12429 15%
c s 31.35 88 73 32 114 28693 7 816647 92118 1.5 16 11 6 12 8% 3113 218162 12429 15%
c e 31.39 90 73 32 114 28693 7 816647 92118 1.5 16 11 6 12 8% 3113 218233 12420 15%
c s 31.40 90 73 32 114 28693 7 816647 92118 1.5 16 11 6 12 8% 3113 218183 12420 15%
c
c seconds   switched      rate          size/glue  tier1    binary          remaining
c        MB   reductions    conflicts         size   tier2     irredundant
c         level     restarts       redundant     glue   trail          variables
c
c e 31.41 90 73 32 114 28693 7 816647 92118 1.5 16 11 6 12 8% 3113 218171 12419 15%
c - 31.44 90 73 32 115 28728 7 817609 86033 1.5 16 11 6 12 8% 3114 218171 12419 15%
c - 31.71 89 72 32 116 29176 7 828332 87754 1.5 16 11 6 12 8% 3119 218171 12419 15%
c o 31.72 89 72 32 116 29185 7 828417 87827 1.5 16 11 6 12 8% 3119 218171 12419 15%
c } 31.78 90 73 33 116 29250 7 830626 89677 1.5 16 11 6 12 8% 3119 218171 12419 15%
c [ 31.78 90 97 33 116 29250 2 830626 89677 1.7 41 25 5 25 17% 3119 218171 12419 15%
c B 31.78 90 97 33 116 29250 2 830626 89677 1.7 41 25 5 25 17% 3119 218171 12419 15%
c - 32.02 84 98 33 117 29256 2 839103 87609 1.6 42 26 5 25 17% 3120 218171 12419 15%
c - 32.27 86 97 33 118 29262 2 849919 87348 1.6 42 26 5 25 16% 3120 218171 12419 15%
c - 32.54 89 97 33 119 29264 2 860781 89105 1.6 41 25 5 25 17% 3123 218171 12419 15%
c - 32.82 90 97 33 120 29270 2 871690 89547 1.7 42 25 5 25 17% 3126 218171 12419 15%
c - 33.15 91 99 33 121 29276 2 882645 90553 1.7 42 25 5 25 18% 3128 218171 12419 15%
c u 33.25 93 99 33 121 29277 2 883627 90321 1.7 42 25 5 25 18% 3128 218171 12419 15%
c v 33.30 93 99 33 121 29277 2 883627 89344 1.7 42 25 5 25 18% 3128 218171 12419 15%
c w 33.34 93 99 33 121 29277 2 883627 89270 1.7 42 25 5 25 18% 3128 218171 12419 15%
c x 33.40 93 99 33 121 29277 2 883627 89259 1.7 42 25 5 25 18% 3128 212352 12419 15%
c ] 33.70 87 99 34 121 29279 2 893515 98748 1.7 42 25 5 25 18% 3129 212352 12419 15%
c { 33.70 87 73 34 121 29279 7 893515 98748 1.5 16 11 6 12 8% 3129 212352 12419 15%
c - 33.72 88 73 34 122 29283 7 893649 89881 1.5 16 11 6 12 8% 3129 212352 12419 15%
c - 34.00 85 71 34 123 29592 7 904694 83266 1.5 16 11 5 12 8% 3130 212352 12419 15%
c
c seconds   switched      rate          size/glue  tier1    binary          remaining
c        MB   reductions    conflicts         size   tier2     irredundant
c         level     restarts       redundant     glue   trail          variables
c
c - 34.32 90 70 34 124 29923 6 915785 82864 1.5 16 10 5 12 8% 3135 212352 12419 15%
c - 34.73 90 71 34 125 30468 6 926920 84132 1.5 16 10 5 12 9% 3146 212352 12419 15%
c - 35.02 91 69 34 126 30898 6 938100 85463 1.5 16 10 5 12 9% 3148 212352 12419 15%
c - 35.30 90 67 34 127 31054 6 949326 86345 1.5 16 10 5 11 8% 3154 212352 12419 15%
c o 35.59 91 66 34 127 31455 6 958419 93314 1.5 16 10 5 11 8% 3158 212352 12419 15%
c - 35.67 87 66 34 128 31634 6 960595 86887 1.5 16 10 5 11 8% 3160 212352 12419 15%
c } 35.69 87 65 35 128 31660 6 961662 87625 1.5 15 10 5 11 8% 3162 212352 12419 15%
c [ 35.69 87 99 35 128 31660 2 961662 87625 1.7 42 25 5 25 18% 3162 212352 12419 15%
c W 35.72 73 99 35 128 31660 2 961662 87625 1.7 42 25 5 25 18% 3162 212352 12419 15%
c u 36.03 92 99 35 128 31666 2 971885 95217 1.7 42 25 5 25 18% 3163 212352 12419 15%
c v 36.09 93 99 35 128 31666 2 971885 92926 1.7 42 25 5 25 18% 3163 212352 12419 15%
c w 36.13 93 99 35 128 31666 2 971885 92887 1.7 42 25 5 25 18% 3163 212352 12419 15%
c x 36.20 94 99 35 128 31666 2 971885 92867 1.7 42 25 5 25 18% 3163 210032 12419 15%
c - 36.24 81 99 35 129 31666 2 971909 83103 1.7 42 25 5 25 18% 3163 210032 12419 15%
c - 36.52 89 99 35 130 31673 2 983267 81896 1.6 41 25 5 25 17% 3164 210032 12419 15%
c - 36.76 90 96 35 131 31674 2 994671 82294 1.6 41 25 5 25 17% 3164 210032 12419 15%
c - 37.00 91 96 35 132 31681 2 1006116 82184 1.6 41 25 5 25 16% 3165 210032 12419 15%
c - 37.25 88 95 35 133 31688 2 1017605 83289 1.6 40 25 5 25 16% 3165 210032 12419 15%
c s 37.52 89 94 35 133 31689 2 1025425 90731 1.6 40 24 5 25 17% 3166 209969 12419 15%
c e 37.57 91 94 35 133 31689 2 1025425 90731 1.6 40 24 5 25 17% 3164 210212 12400 15%
c
c seconds   switched      rate           size/glue  tier1     binary          remaining
c        MB   reductions     conflicts         size   tier2      irredundant
c         level     restarts        redundant     glue    trail          variables
c
c s 37.58 91 94 35 133 31689 2 1025425 90731 1.6 40 24 5 25 17% 3164 210115 12400 15%
c - 37.73 91 94 35 134 31689 2 1029137 84444 1.7 40 24 5 24 17% 3165 210115 12400 15%
c ] 38.02 86 98 36 134 31690 2 1037476 92302 1.6 42 26 5 24 17% 3166 210115 12400 15%
c { 38.02 86 65 36 134 31690 6 1037476 92302 1.5 15 10 5 11 8% 3166 210115 12400 15%
c - 38.14 91 66 36 135 31973 6 1040713 84143 1.5 16 10 5 11 8% 3167 210115 12400 15%
c - 38.47 91 66 36 136 32759 6 1052332 85628 1.5 16 10 5 11 8% 3169 210115 12400 15%
c - 38.83 91 66 36 137 33488 6 1063993 88782 1.5 16 10 5 11 8% 3170 210115 12400 15%
c u 38.94 73 66 36 137 33559 6 1064758 88066 1.5 16 10 5 11 8% 3170 210115 12400 15%
c v 39.00 73 66 36 137 33559 6 1064758 85516 1.5 16 10 5 11 8% 3170 210115 12400 15%
c w 39.03 89 66 36 137 33559 6 1064758 85432 1.5 16 10 5 11 8% 3170 210115 12400 15%
c x 39.09 89 66 36 137 33559 6 1064758 85408 1.5 16 10 5 11 8% 3170 209917 12400 15%
c - 39.42 90 66 36 138 34296 6 1075699 86764 1.5 16 10 5 11 8% 3176 209917 12400 15%
c - 39.78 90 66 36 139 35267 7 1087447 89016 1.5 16 10 5 11 8% 3177 209917 12400 15%
c o 40.08 87 66 36 139 35964 7 1098531 97816 1.5 16 10 5 11 8% 3177 209917 12400 15%
c - 40.12 89 66 36 140 36020 7 1099240 90150 1.5 16 10 5 11 8% 3177 209917 12400 15%
c - 40.46 89 67 36 141 36782 7 1111075 90457 1.5 16 11 5 11 8% 3180 209917 12400 15%
c } 40.52 90 67 37 141 36978 7 1113033 92125 1.5 16 11 5 11 8% 3181 209917 12400 15%
c [ 40.52 90 98 37 141 36978 2 1113033 92125 1.6 42 26 5 24 17% 3181 209917 12400 15%
c O 40.52 90 98 37 141 36978 2 1113033 92125 1.6 42 26 5 24 17% 3181 209917 12400 15%
c - 40.77 86 101 37 142 36984 2 1122950 89429 1.6 42 26 4 25 18% 3182 209916 12400 15%
c
c seconds   switched      rate           size/glue  tier1     binary          remaining
c        MB   reductions     conflicts         size   tier2      irredundant
c         level     restarts        redundant     glue    trail          variables
c
c - 40.97 88 97 37 143 36991 2 1134867 88941 1.6 41 25 5 24 17% 3182 209916 12400 15%
c ] 41.15 89 91 37 143 36992 2 1146818 98970 1.6 39 24 5 24 16% 3183 209916 12400 15%
c 1 41.15 89 67 37 143 36992 7 1146818 98970 1.5 16 11 5 11 8% 3183 209916 12400 15%
c
c ---- [ result ] ------------------------------------------------------------
c
s SATISFIABLE
c
c ---- [ profiling ] ---------------------------------------------------------
c
c          32.49   78.94 %  search
c          16.70   40.58 %  focused
c          15.79   38.36 %  stable
c           8.43   20.48 %  simplify
c           6.33   15.37 %  probe
c           3.37    8.18 %  vivify
c           2.15    5.22 %  eliminate
c           1.12    2.72 %  sweep
c           0.80    1.96 %  reduce
c           0.74    1.80 %  subsume
c           0.73    1.77 %  substitute
c           0.55    1.34 %  factor
c           0.42    1.03 %  congruence
c           0.19    0.45 %  preprocess
c           0.13    0.32 %  walking
c           0.09    0.22 %  transitive
c           0.05    0.11 %  backbone
c           0.03    0.08 %  parse
c           0.01    0.03 %  lucky
c           0.00    0.01 %  extend
c =============================================
c          41.15  100.00 %  total
c
c ---- [ statistics ] --------------------------------------------------------
c
c backbone_computations:                   63            18203    interval
c backbone_ticks:                     6523609 
c chronological:                         3512                0 %  conflicts
c clauses_added:                      2021252              100 %  added
c clauses_binary:                        3183                0 %  added
c clauses_irredundant:                 209916               10 %  added
c clauses_learned:                    1075480               94 %  conflicts
c clauses_original:                    303973               15 %  added
c clauses_redundant:                    98970 
c clauses_used:                       4558044              424 %  learned
c clauses_used_focused:               1238632               27 %  used
c clauses_used_stable:                3319412               73 %  used
c closures:                                11           104256    interval
c conflicts:                          1146818            27866.15 per second
c congruent:                             6102                7 %  variables
c congruent_gates:                     458691            41699.18 per closure
c congruent_gates_ands:                 93829               20 %  gates
c congruent_gates_ites:                 93842               20 %  gates
c congruent_gates_xors:                271020               59 %  gates
c congruent_matched:                    22677              372 %  congruent
c congruent_matched_ands:                   3                0 %  matched
c congruent_matched_ites:                   0                0 %  matched
c congruent_matched_xors:               22674              100 %  matched
c decisions:                          5298631                4.62 per conflict
c eliminated:                           63449               77 %  variables
c eliminate_resolutions:             12096493           293928.68 per second
c eliminations:                            11           104256    interval
c factored:                                37                0 %  variables
c factorizations:                          32            35838    interval
c factor_ticks:                      40236992 
c fast_eliminated:                          0                0 %  eliminated
c fast_strengthened:                        0                0 %  per strengthened
c fast_subsumed:                            0                0 %  per subsumed
c forward_checks:                   129198679 
c forward_steps:                    177651722                1.38 per check
c iterations:                               0                0 %  variables
c kitten_propagations:               24203064               51.19 per solved
c kitten_solved:                       472849 
c kitten_ticks:                      99067379                4.09 per prop
c literals_factor:                     351587                4.26 per variable
c probings:                                25            45873    interval
c probing_ticks:                    301347477 
c propagations:                     243707300          5921763    per second
c random_sequences:                       432             2655    interval
c reductions:                             143             8020    interval
c reordered:                               15            76455    interval
c rephased:                                24            47784    interval
c restarts:                             36992               31    interval
c retiered:                                31            36994    interval
c searches:                                 1          1146818    interval
c search_ticks:                    2705830470 
c strengthened:                         50370                0 %  checks
c substituted:                           6413                8 %  variables
c substitute_ticks:                  16013888 
c subsumed:                             17924                0 %  checks
c subsumption_checks:               129198679 
c sweep:                                   13            88217    interval
c sweep_completed:                          0                0.00 sweeps
c sweep_equivalences:                     311                0 %  variables
c sweep_solved:                         75067               16 %  kitten_solved
c sweep_units:                              0                0 %  variables
c switched:                                37            30995    interval
c transitive_ticks:                  12075176 
c units:                                  316                0 %  variables
c variables_activated:                  82578                1.00 per variable
c variables_eliminate:                 208970                2.53 variables
c variables_extension:                     37                0.00 per variable
c variables_factor:                         0                0.00 per variable
c variables_original:                   82541                1.00 per variable
c variables_subsume:                   159697                1.93 per variable
c vivifications:                           31            36994    interval
c vivified:                            117707               19 %  checks
c vivify_checks:                       604201            19490    per vivify
c vivify_probes:                      4455649                7.37 per check
c vivify_reused:                      1660053               37 %  probes
c walks:                                    8           143352    interval
c walk_steps:                        43134756 
c warming_decisions:                     3779              472.38 per walk
c warming_propagations:                195785                0 %  propagations
c warmups:                                  8              100 %  walks
c
c ---- [ glue usage ] --------------------------------------------------------
c
c focused glue 5   used 100534 clauses  8.12% accumulated 53.62% tier1
c focused glue 6   used  98325 clauses  7.94% accumulated 61.56%
c focused glue 7-9 used 261248 clauses 21.09% accumulated 82.65%
c focused glue 10  used  55717 clauses  4.50% accumulated 87.15%
c focused glue 11  used  41139 clauses  3.32% accumulated 90.47% tier2
c
c stable glue 5    used 201550 clauses  6.07% accumulated 55.50% tier1
c stable glue 6    used 166373 clauses  5.01% accumulated 60.51%
c stable glue 7-22 used 949024 clauses 28.59% accumulated 89.10%
c stable glue 23   used  21282 clauses  0.64% accumulated 89.75%
c stable glue 24   used  19305 clauses  0.58% accumulated 90.33% tier2
c
c ---- [ resources ] ---------------------------------------------------------
c
c maximum-resident-set-size:        111497216 bytes        106 MB
c process-time:                            41s              41.15 seconds
c
c ---- [ shutting down ] -----------------------------------------------------
c
c exit 10
