c ---- [ banner ] ------------------------------------------------------------
c
c Kissat SAT Solver
c 
c Copyright (c) 2021-2024 Armin Biere University of Freiburg
c Copyright (c) 2019-2021 Armin Biere Johannes Kepler University Linz
c 
c Version 4.0.4 unknown
c gcc (Ubuntu 15.2.0-16ubuntu1) 15.2.0 -W -Wall -O3 -DNDEBUG
c Sat Sep 5 21:05:05 EDT 2026 Linux server7 7.0.0-29-generic x86_64
c
c ---- [ parsing ] -----------------------------------------------------------
c
c opened and reading DIMACS file:
c
c   /home/mjbommar/p4dfa-cnf/videoconf_full_bit8_na6_nr3_paired.cnf
c
c parsed 'p cnf 141923 518910' header
c closing input after reading 10387925 bytes (10 MB)
c finished parsing after 0.05 seconds
c
c ---- [ options ] -----------------------------------------------------------
c
c --statistics=true                (different from default 'false')
c
c ---- [ solving ] -----------------------------------------------------------
c
c seconds switched rate     size/glue tier1   binary            remaining
c        MB reductions conflicts size  tier2      irredundant
c         level restarts redundant glue  trail            variables
c
c *  0.05 35 0 0 0  0 0   0   0 0.0 0 0 0 0 0% 122632 396164 141599 100%
c (  0.05 35 0 0 0  0 0   0   0 0.0 0 0 0 0 0% 122632 396164 141599 100%
c .  0.07 37 0 0 0  0 0   0   0 0.0 0 0 0 0 0% 124078 392606 141599 100%
c c  0.20 69 0 0 0  0 0   0   0 0.0 0 0 0 0 0% 125006 392462 134064 94%
c d  0.21 69 0 0 0  0 0   0   0 0.0 0 0 0 0 0% 109152 392318 134064 94%
c )  0.26 72 0 0 0  0 0   0   0 0.0 0 0 0 0 0% 109008 392318 134064 94%
c {  0.29 90 0 0 0  0 0   0   0 0.0 0 0 2 6 0% 109008 392318 134064 94%
c -  0.38 92 429 0 1 131 44 1002 816 2.1 10 5 3 8 11% 109042 392318 134064 94%
c }  0.38 92 429 1 1 131 44 1002 816 2.1 10 5 3 8 11% 109042 392318 134064 94%
c [  0.38 92 0 1 1 131 0 1002 816 0.0 0 0 2 6 0% 109042 392318 134064 94%
c B  0.38 92 0 1 1 131 0 1002 816 0.0 0 0 2 6 0% 109042 392318 134064 94%
c -  0.46 92 529 1 2 131 5 2002 1645 2.7 27 10 7 15 21% 109048 392318 134064 94%
c W  0.51 72 529 1 2 131 5 2004 1647 2.7 27 10 7 15 21% 109048 392318 134064 94%
c ]  0.52 72 490 2 2 132 6 2119 1756 2.6 26 10 7 15 19% 109048 392318 134064 94%
c {  0.52 72 429 2 2 132 44 2119 1756 2.1 10 5 3 8 11% 109048 392318 134064 94%
c u  0.72 80 337 2 2 157 33 2721 1828 2.0 9 5 3 8 12% 109100 392318 134064 94%
c v  0.74 80 337 2 2 157 33 2721 1696 2.0 9 5 3 8 12% 109100 392318 134064 94%
c w  0.75 80 337 2 2 157 33 2721 1693 2.0 9 5 3 8 12% 109100 392318 134064 94%
c x  0.76 80 337 2 2 157 33 2721 1693 2.0 9 5 3 8 12% 109115 392252 134064 94%
c t  0.79 80 337 2 2 157 33 2721 1693 2.0 9 5 3 8 12% 109112 392252 134064 94%
c
c seconds   switched   rate       size/glue tier1    binary            remaining
c        MB  reductions conflicts      size  tier2       irredundant
c          level restarts    redundant   glue   trail            variables
c
c }  0.82 80 299 3 2 189 28 3119 2028 1.9 9 5 3 8 11% 109143 392251 134064 94%
c [  0.82 80 490 3 2 189 6 3119 2028 2.6 26 10 7 15 19% 109143 392251 134064 94%
c -  0.84 80 426 3 3 189 6 3417 2093 2.6 23 9 7 15 18% 109149 392251 134064 94%
c I  0.87 80 315 3 3 190 5 4263 2852 2.6 23 9 7 15 15% 109183 392251 134064 94%
c ]  0.88 80 295 4 3 190 5 4526 3104 2.4 23 9 7 15 14% 109183 392251 134064 94%
c {  0.88 80 299 4 3 190 28 4526 3104 1.9 9 5 3 8 11% 109183 392251 134064 94%
c -  0.95 97 279 4 4 247 28 5149 3156 1.9 9 5 3 8 12% 109201 392251 134064 94%
c }  1.24 98 236 5 4 537 29 6878 4780 1.8 9 5 3 8 13% 109250 392250 134064 94%
c [  1.24 98 295 5 4 537 5 6878 4780 2.4 23 9 7 15 14% 109250 392250 134064 94%
c -  1.26 98 290 5 5 537 5 7149 4440 2.3 22 10 6 16 14% 109251 392250 134064 94%
c B  1.28 98 253 5 5 538 4 8034 5301 2.0 23 12 6 16 12% 109252 392250 134064 94%
c d  1.32 98 246 5 5 538 4 8380 5635 2.0 23 11 6 16 12% 109250 392250 134062 94%
c u  1.36 98 246 5 5 538 4 8380 4526 2.0 23 11 6 16 12% 109264 392250 134062 94%
c v  1.39 98 246 5 5 538 4 8380 4137 2.0 23 11 6 16 12% 109264 392250 134062 94%
c w  1.41 98 246 5 5 538 4 8380 4117 2.0 23 11 6 16 12% 109264 392250 134062 94%
c d  1.50 98 246 5 5 538 4 8380 4117 2.0 23 11 6 16 12% 109260 392246 134060 94%
c t  1.51 98 246 5 5 538 4 8380 4117 2.0 23 11 6 16 12% 109246 392246 134060 94%
c u  1.68 81 246 5 5 538 4 8380 4001 2.0 23 11 6 16 12% 109247 392246 134060 94%
c v  1.70 81 246 5 5 538 4 8380 3861 2.0 23 11 6 16 12% 109247 392246 134060 94%
c w  1.72 81 246 5 5 538 4 8380 3841 2.0 23 11 6 16 12% 109247 392246 134060 94%
c
c seconds   switched  rate       size/glue  tier1      binary            remaining
c        MB  reductions conflicts      size   tier2        irredundant
c          level restarts   redundant     glue    trail            variables
c
c x  1.74 81 246 5 5 538 4 8380 3841 2.0 23 11 6 16 12% 109247 392136 134060 94%
c -  1.82 81 218 5 6 539 4 9386 3942 2.0 24 12 4 16 11% 109261 392136 134060 94%
c o  1.91 81 176 5 6 540 3 11106 5495 2.0 23 11 4 16 9% 109284 392135 134060 94%
c -  1.97 97 169 5 7 540 3 11835 5098 1.9 23 12 6 16 9% 109285 392135 134060 94%
c ]  2.06 98 161 6 7 542 3 13511 6631 2.0 23 12 6 16 9% 109309 392135 134060 94%
c {  2.06 98 236 6 7 542 29 13511 6631 1.8 9 5 3 8 13% 109309 392135 134060 94%
c s  2.11 98 237 6 7 548 30 13602 6709 1.8 9 5 3 8 13% 109315 392108 134060 94%
c e  2.74 120 237 6 7 548 30 13602 6709 1.8 9 5 3 8 13% 27452 354010 58554 41%
c ^  2.74 120 237 6 7 548 30 13602 6709 1.8 9 5 3 8 13% 27452 354010 58554 41%
c -  2.87 94 214 6 8 892 32 14481 3657 1.7 9 5 3 9 12% 27476 354005 58554 41%
c d  3.09 95 169 6 8 1691 31 17168 6089 1.6 10 7 4 11 9% 27534 354000 58552 41%
c d  3.10 95 169 6 8 1691 31 17168 6089 1.6 10 7 4 11 9% 27532 353997 58551 41%
c u  3.13 95 169 6 8 1691 31 17168 5210 1.6 10 7 4 11 9% 27539 353997 58551 41%
c v  3.16 95 169 6 8 1691 31 17168 4355 1.6 10 7 4 11 9% 27539 353997 58551 41%
c w  3.18 95 169 6 8 1691 31 17168 4141 1.6 10 7 4 11 9% 27539 353997 58551 41%
c d  3.20 95 169 6 8 1691 31 17168 4140 1.6 10 7 4 11 9% 27537 353996 58550 41%
c t  3.21 95 169 6 8 1691 31 17168 4140 1.6 10 7 4 11 9% 27457 353996 58550 41%
c f  3.33 79 169 6 8 1691 31 17168 4140 1.6 10 7 4 11 9% 27417 353673 58568 41%
c b  3.35 86 169 6 8 1691 31 17168 4140 1.6 10 7 4 11 9% 27417 353673 58562 41%
c u  3.37 87 169 6 8 1691 31 17168 4030 1.6 10 7 4 11 9% 27417 353673 58562 41%
c
c seconds   switched    rate        size/glue tier1    binary           remaining
c        MB  reductions   conflicts       size  tier2      irredundant
c          level  restarts     redundant    glue   trail           variables
c
c v  3.39 88 169 6 8 1691 31 17168 3857 1.6 10 7 4 11 9% 27417 353673 58562 41%
c w  3.42 88 169 6 8 1691 31 17168 3640 1.6 10 7 4 11 9% 27417 353673 58562 41%
c =  3.51 92 169 6 8 1691 31 17168 3640 1.6 10 7 4 11 9% 27779 353669 58381 41%
c d  3.52 92 169 6 8 1691 31 17168 3640 1.6 10 7 4 11 9% 27417 353667 58381 41%
c t  3.54 92 169 6 8 1691 31 17168 3640 1.6 10 7 4 11 9% 27414 353667 58381 41%
c -  3.58 92 168 6 9 1731 31 17309 3512 1.6 10 7 4 11 9% 27403 353667 58381 41%
c }  3.61 93 166 7 9 1809 32 17580 3757 1.6 10 7 4 11 9% 27408 353667 58381 41%
c [  3.61 93 161 7 9 1809 3 17580 3757 2.0 23 12 6 16 9% 27408 353667 58381 41%
c W  3.65 107 161 7 9 1809 3 17580 3757 2.0 23 12 6 16 9% 27408 353667 58381 41%
c -  3.75 108 150 7 10 1811 3 20309 5470 1.8 23 13 6 17 10% 27414 353666 58381 41%
c o  3.80 108 147 7 10 1812 3 21798 6871 1.8 24 13 6 17 10% 27418 353665 58381 41%
c -  3.88 109 143 7 11 1813 3 23471 6824 1.7 24 15 6 21 10% 27423 353665 58381 41%
c O  3.92 109 133 7 11 1814 3 25108 8311 1.7 25 15 6 21 9% 27431 353665 58381 41%
c -  3.98 110 133 7 12 1815 3 26788 7825 1.7 25 15 7 22 9% 27451 353661 58381 41%
c s  4.02 110 134 7 12 1815 3 26864 7898 1.7 25 15 7 22 10% 27452 352850 58381 41%
c e  4.26 116 134 7 12 1815 3 26864 7898 1.7 25 15 7 22 10% 9446 347076 42706 30%
c s  4.29 116 134 7 12 1815 3 26864 7898 1.7 25 15 7 22 10% 9448 346662 42706 30%
c e  4.31 116 134 7 12 1815 3 26864 7898 1.7 25 15 7 22 10% 9422 346700 42687 30%
c ^  4.31 116 134 7 12 1815 3 26864 7898 1.7 25 15 7 22 10% 9422 346700 42687 30%
c c  4.44 92 126 7 12 1815 3 28972 5554 1.7 24 14 7 22 9% 20597 324282 37084 26%
c
c seconds   switched    rate        size/glue  tier1    binary          remaining
c        MB   reductions  conflicts       size   tier2     irredundant
c          level   restarts    redundant     glue   trail          variables
c
c d  4.45 92 126 7 12 1815 3 28972 5554 1.7 24 14 7 22 9% 9391 324282 37084 26%
c u  4.48 92 126 7 12 1815 3 28972 5090 1.7 24 14 7 22 9% 9393 324282 37084 26%
c v  4.50 92 126 7 12 1815 3 28972 4829 1.7 24 14 7 22 9% 9393 324282 37084 26%
c w  4.51 92 126 7 12 1815 3 28972 4774 1.7 24 14 7 22 9% 9393 324282 37084 26%
c x  4.53 92 126 7 12 1815 3 28972 4774 1.7 24 14 7 22 9% 9393 323255 37084 26%
c t  4.55 92 126 7 12 1815 3 28972 4774 1.7 24 14 7 22 9% 9389 323255 37084 26%
c f  4.58 92 126 7 12 1815 3 28972 4774 1.7 24 14 7 22 9% 9382 322791 37100 26%
c u  4.61 92 126 7 12 1815 3 28972 4736 1.7 24 14 7 22 9% 9382 322791 37100 26%
c v  4.64 92 126 7 12 1815 3 28972 4206 1.7 24 14 7 22 9% 9383 322791 37100 26%
c w  4.65 92 126 7 12 1815 3 28972 4136 1.7 24 14 7 22 9% 9383 322791 37100 26%
c ]  4.82 110 129 8 12 1815 3 30073 5156 1.7 24 15 7 22 9% 9385 322791 37100 26%
c {  4.82 110 166 8 12 1815 32 30073 5156 1.6 10 7 4 11 9% 9385 322791 37100 26%
c -  4.84 110 165 8 13 1861 32 30252 4432 1.6 10 7 4 11 9% 9394 322791 37100 26%
c -  4.96 111 145 8 14 2653 29 33858 6549 1.5 11 7 5 11 8% 9450 322774 37100 26%
c }  5.04 111 138 9 14 3096 27 36232 8464 1.5 11 7 5 11 7% 9484 322771 37100 26%
c [  5.04 111 129 9 14 3096 3 36232 8464 1.7 24 15 7 22 9% 9484 322771 37100 26%
c B  5.04 111 129 9 14 3096 3 36232 8464 1.7 24 15 7 22 9% 9484 322771 37100 26%
c -  5.08 112 128 9 15 3097 3 37602 8107 1.7 24 15 7 21 9% 9488 322769 37100 26%
c -  5.14 101 120 9 16 3099 3 41475 8608 1.6 26 16 7 24 9% 9492 322769 37100 26%
c o  5.16 101 118 9 16 3101 3 43085 10006 1.6 26 16 7 24 9% 9494 322768 37100 26%
c
c seconds   switched    rate         size/glue  tier1    binary          remaining
c        MB   reductions  conflicts        size   tier2     irredundant
c          level   restarts     redundant     glue   trail          variables
c
c c  5.25 91 118 9 16 3101 3 43998 10830 1.6 26 16 7 24 9% 9497 322765 37099 26%
c d  5.26 91 118 9 16 3101 3 43998 10830 1.6 26 16 7 24 9% 9495 322765 37099 26%
c u  5.29 91 118 9 16 3101 3 43998 10694 1.6 26 16 7 24 9% 9495 322765 37099 26%
c v  5.31 91 118 9 16 3101 3 43998 10353 1.6 26 16 7 24 9% 9496 322765 37099 26%
c w  5.32 91 118 9 16 3101 3 43998 10331 1.6 26 16 7 24 9% 9496 322765 37099 26%
c x  5.34 91 118 9 16 3101 3 43998 10331 1.6 26 16 7 24 9% 9496 321751 37099 26%
c t  5.36 91 118 9 16 3101 3 43998 10331 1.6 26 16 7 24 9% 9493 321751 37099 26%
c u  5.43 107 118 9 16 3101 3 43998 9333 1.6 26 16 7 24 9% 9497 321751 37099 26%
c v  5.44 108 118 9 16 3101 3 43998 9096 1.6 26 16 7 24 9% 9497 321751 37099 26%
c w  5.46 108 118 9 16 3101 3 43998 9077 1.6 26 16 7 24 9% 9497 321751 37099 26%
c x  5.48 108 118 9 16 3101 3 43998 9077 1.6 26 16 7 24 9% 9497 321195 37099 26%
c -  5.54 108 114 9 17 3102 3 45477 7790 1.6 25 16 7 23 9% 9499 321195 37099 26%
c ]  5.59 108 106 10 17 3102 3 48150 9997 1.6 26 16 7 23 8% 9499 321195 37099 26%
c {  5.59 108 138 10 17 3102 27 48150 9997 1.5 11 7 5 11 7% 9499 321195 37099 26%
c -  5.65 109 132 10 18 3433 27 49601 9628 1.5 11 8 6 11 7% 9510 321194 37099 26%
c -  5.79 110 126 10 19 4293 25 53843 11266 1.4 11 8 6 12 6% 9573 321179 37099 26%
c s  5.90 111 129 10 19 4593 25 55448 12628 1.4 11 8 6 12 6% 9604 320816 37099 26%
c e  6.08 115 129 10 19 4593 25 55448 12628 1.4 11 8 6 12 6% 6210 332598 31853 22%
c s  6.12 115 129 10 19 4593 25 55448 12628 1.4 11 8 6 12 6% 6210 330579 31853 22%
c ^  6.15 115 129 10 19 4593 25 55448 12628 1.4 11 8 6 12 6% 6210 330579 31853 22%
c
c seconds     switched     rate         size/glue tier1    binary          remaining
c         MB    reductions   conflicts        size  tier2     irredundant
c           level    restarts      redundant    glue   trail          variables
c
c }  6.20 104 126 11 19 4841 24 56779 11403 1.4 11 8 6 12 6% 6232 330579 31853 22%
c [  6.20 104 106 11 19 4841 3 56779 11403 1.6 26 16 7 23 8% 6232 330579 31853 22%
c W  6.24 111 106 11 19 4841 3 56779 11403 1.6 26 16 7 23 8% 6232 330579 31853 22%
c -  6.28 111 102 11 20 4842 3 58202 10862 1.6 26 16 8 22 8% 6232 330578 31853 22%
c u  6.40 111 93 11 20 4845 3 62481 14286 1.6 25 16 8 22 7% 6236 330578 31853 22%
c v  6.42 111 93 11 20 4845 3 62481 14025 1.6 25 16 8 22 7% 6236 330578 31853 22%
c w  6.43 112 93 11 20 4845 3 62481 13455 1.6 25 16 8 22 7% 6236 330578 31853 22%
c x  6.46 112 93 11 20 4845 3 62481 13454 1.6 25 16 8 22 7% 6236 330460 31853 22%
c f  6.59 95 93 11 20 4845 3 62481 13454 1.6 25 16 8 22 7% 6241 330444 31855 22%
c c  6.65 91 93 11 20 4845 3 62481 13454 1.6 25 16 8 22 7% 6510 329904 31720 22%
c d  6.66 91 93 11 20 4845 3 62481 13454 1.6 25 16 8 22 7% 6240 329904 31720 22%
c u  6.69 91 93 11 20 4845 3 62481 13336 1.6 25 16 8 22 7% 6240 329904 31720 22%
c v  6.71 91 93 11 20 4845 3 62481 13020 1.6 25 16 8 22 7% 6240 329904 31720 22%
c w  6.72 91 93 11 20 4845 3 62481 12925 1.6 25 16 8 22 7% 6240 329904 31720 22%
c x  6.74 91 93 11 20 4845 3 62481 12918 1.6 25 16 8 22 7% 6240 329714 31720 22%
c -  6.80 91 92 11 21 4845 3 62677 11153 1.6 25 16 7 21 7% 6240 329714 31720 22%
c -  6.88 107 85 11 22 4847 2 67261 12672 1.6 25 16 7 21 7% 6246 329713 31720 22%
c I  6.99 107 79 11 22 4849 2 71684 16460 1.6 26 16 7 21 6% 6255 329713 31720 22%
c ]  7.01 109 79 12 22 4850 2 71948 16713 1.6 26 16 7 21 6% 6255 329711 31720 22%
c {  7.01 109 126 12 22 4850 24 71948 16713 1.4 11 8 6 12 6% 6255 329711 31720 22%
c
c seconds     switched     rate         size/glue tier1    binary          remaining
c         MB    reductions   conflicts        size  tier2     irredundant
c           level    restarts      redundant    glue   trail          variables
c
c -  7.02 110 126 12 23 4850 24 71953 13613 1.4 11 8 6 12 6% 6255 329711 31720 22%
c o  7.06 110 123 12 23 5018 24 73107 14541 1.4 12 8 6 12 6% 6263 329711 31720 22%
c -  7.20 107 118 12 24 5483 22 76749 14665 1.4 12 8 6 12 6% 6297 329710 31720 22%
c -  7.33 109 116 12 25 6055 21 81647 15588 1.4 12 8 6 12 6% 6353 329706 31720 22%
c }  7.37 109 114 13 25 6266 20 83427 17069 1.4 12 8 6 12 6% 6372 329706 31720 22%
c [  7.37 109 79 13 25 6266 2 83427 17069 1.6 26 16 7 21 6% 6372 329706 31720 22%
c u  7.45 111 80 13 25 6267 2 84581 17812 1.6 26 16 7 21 6% 6372 329706 31720 22%
c v  7.48 111 80 13 25 6267 2 84581 17354 1.6 26 16 7 21 6% 6372 329706 31720 22%
c w  7.49 111 80 13 25 6267 2 84581 17349 1.6 26 16 7 21 6% 6372 329706 31720 22%
c x  7.51 111 80 13 25 6267 2 84581 17339 1.6 26 16 7 21 6% 6372 329401 31720 22%
c -  7.61 111 77 13 26 6268 2 86647 16305 1.6 26 16 7 20 6% 6372 329401 31720 22%
c B  7.69 112 74 13 26 6270 2 89487 18974 1.6 26 16 7 20 6% 6372 329401 31720 22%
c -  7.71 112 73 13 27 6271 2 91746 17469 1.6 26 16 7 20 6% 6374 329401 31720 22%
c -  7.77 112 68 13 28 6273 2 96942 18201 1.6 26 16 7 20 6% 6376 329401 31720 22%
c s  7.85 112 64 13 28 6276 2 101284 21563 1.6 26 16 7 20 5% 6377 329151 31720 22%
c e  8.01 115 64 13 28 6276 2 101284 21563 1.6 26 16 7 20 5% 4635 335738 29932 21%
c s  8.04 115 64 13 28 6276 2 101284 21563 1.6 26 16 7 20 5% 4670 335270 29932 21%
c ^  8.06 115 64 13 28 6276 2 101284 21563 1.6 26 16 7 20 5% 4670 335270 29932 21%
c -  8.09 99 64 13 29 6276 2 102233 16093 1.6 26 16 8 19 5% 4670 335270 29932 21%
c -  8.14 99 60 13 30 6279 2 107618 18175 1.6 25 16 8 19 5% 4670 335270 29932 21%
c
c seconds   switched    rate          size/glue  tier1    binary          remaining
c        MB   reductions  conflicts         size   tier2     irredundant
c         level    restarts      redundant     glue   trail          variables
c
c ]  8.14 99 60 14 30 6279 2 107727 18266 1.6 25 16 8 19 5% 4670 335270 29932 21%
c {  8.14 99 114 14 30 6279 20 107727 18266 1.4 12 8 6 12 6% 4670 335270 29932 21%
c u  8.30 91 111 14 30 6669 20 110407 20264 1.4 12 9 6 12 5% 4670 335268 29932 21%
c v  8.32 107 111 14 30 6669 20 110407 20094 1.4 12 9 6 12 5% 4670 335268 29932 21%
c w  8.34 108 111 14 30 6669 20 110407 20086 1.4 12 9 6 12 5% 4670 335268 29932 21%
c x  8.36 108 111 14 30 6669 20 110407 20069 1.4 12 9 6 12 5% 4670 335006 29932 21%
c t  8.38 108 111 14 30 6669 20 110407 20069 1.4 12 9 6 12 5% 4669 335006 29932 21%
c -  8.50 111 112 14 31 7064 19 113095 19489 1.4 12 9 6 12 5% 4669 335006 29932 21%
c o  8.51 111 111 14 31 7066 19 113157 19538 1.4 12 9 6 12 5% 4669 335006 29932 21%
c -  8.69 106 110 14 32 7652 18 118663 19943 1.4 12 9 6 12 5% 4670 334997 29932 21%
c }  8.79 108 109 15 32 8079 18 122443 22984 1.4 13 9 6 12 5% 4670 334993 29932 21%
c [  8.79 108 60 15 32 8079 2 122443 22984 1.6 25 16 8 19 5% 4670 334993 29932 21%
c W  8.83 111 60 15 32 8079 2 122443 22984 1.6 25 16 8 19 5% 4670 334993 29932 21%
c -  8.85 111 59 15 33 8080 2 124320 21157 1.6 25 16 8 19 5% 4670 334993 29932 21%
c -  8.90 111 56 15 34 8084 2 130064 22209 1.6 25 16 8 19 4% 4670 334993 29932 21%
c -  8.97 111 54 15 35 8086 2 135899 22778 1.6 25 16 8 18 4% 4670 334993 29932 21%
c u  9.07 112 54 15 35 8088 2 140066 26152 1.6 25 16 8 18 4% 4670 334993 29932 21%
c v  9.09 113 54 15 35 8088 2 140066 25860 1.6 25 16 8 18 4% 4670 334993 29932 21%
c w  9.11 113 54 15 35 8088 2 140066 25832 1.6 25 16 8 18 4% 4670 334993 29932 21%
c x  9.14 113 54 15 35 8088 2 140066 25829 1.6 25 16 8 18 4% 4670 334714 29932 21%
c
c seconds    switched    rate          size/glue  tier1    binary          remaining
c         MB   reductions  conflicts         size   tier2     irredundant
c          level    restarts      redundant     glue   trail          variables
c
c -  9.31 100 53 15 36 8090 2 141816 22666 1.6 25 16 8 18 4% 4670 334714 29932 21%
c O  9.37 100 51 15 36 8092 2 146671 26890 1.6 25 16 8 18 4% 4670 334714 29932 21%
c -  9.42 105 57 15 37 8092 2 147818 22345 1.6 26 16 8 18 4% 4674 334713 29932 21%
c -  9.55 108 65 15 38 8093 2 153901 22949 1.6 26 17 7 19 6% 4677 334713 29932 21%
c ]  9.56 108 65 16 38 8093 2 154469 23424 1.6 26 17 7 19 6% 4677 334713 29932 21%
c {  9.56 108 109 16 38 8093 18 154469 23424 1.4 13 9 6 12 5% 4677 334713 29932 21%
c -  9.74 112 109 16 39 8723 17 160066 24368 1.4 13 9 6 12 5% 4678 334707 29932 21%
c o  9.83 113 107 16 39 9144 17 163214 26889 1.4 13 9 6 12 5% 4679 334705 29932 21%
c -  9.94 105 106 16 40 9554 17 166310 26259 1.4 13 9 6 12 5% 4679 334703 29932 21%
c s 10.00 106 107 16 40 9560 17 166463 26397 1.4 13 9 6 12 5% 4679 334519 29932 21%
c e 10.18 113 107 16 40 9560 17 166463 26397 1.4 13 9 6 12 5% 4400 346687 27978 20%
c 2 10.18 113 107 16 40 9560 17 166463 26397 1.4 13 9 6 12 5% 4361 346687 27978 20%
c s 10.23 113 107 16 40 9560 17 166463 26397 1.4 13 9 6 12 5% 4400 343276 27978 20%
c e 10.27 113 107 16 40 9560 17 166463 26397 1.4 13 9 6 12 5% 4399 343283 27977 20%
c ^ 10.27 113 107 16 40 9560 17 166463 26397 1.4 13 9 6 12 5% 4399 343283 27977 20%
c - 10.48 108 108 16 41 10208 16 172634 25262 1.4 13 9 6 12 5% 4401 343256 27977 20%
c } 10.48 108 108 17 41 10208 16 172809 25427 1.4 13 9 6 12 5% 4401 343256 27977 20%
c [ 10.48 108 65 17 41 10208 2 172809 25427 1.6 26 17 7 19 6% 4401 343256 27977 20%
c u 10.56 109 68 17 41 10208 2 173636 25748 1.6 26 17 7 19 6% 4402 343250 27977 20%
c v 10.59 109 68 17 41 10208 2 173636 25175 1.6 26 17 7 19 6% 4402 343250 27977 20%
c
c seconds    switched     rate          size/glue  tier1    binary          remaining
c         MB   reductions   conflicts         size   tier2     irredundant
c          level    restarts       redundant     glue   trail          variables
c
c w 10.61 109 68 17 41 10208 2 173636 25137 1.6 26 17 7 19 6% 4402 343250 27977 20%
c x 10.64 110 68 17 41 10208 2 173636 25133 1.6 26 17 7 19 6% 4402 342715 27977 20%
c t 10.66 110 68 17 41 10208 2 173636 25133 1.6 26 17 7 19 6% 4396 342715 27977 20%
c B 10.71 110 68 17 41 10209 2 174412 25729 1.6 26 17 7 19 6% 4396 342709 27977 20%
c - 10.83 112 71 17 42 10212 2 179037 26296 1.6 26 17 7 19 6% 4400 342687 27977 20%
c - 10.94 112 71 17 43 10214 2 185517 27481 1.6 26 16 7 19 6% 4402 342678 27977 20%
c - 11.07 112 73 17 44 10219 2 192074 29028 1.6 26 16 7 19 7% 4404 342673 27977 20%
c ] 11.26 112 75 18 44 10221 2 198557 35188 1.6 28 17 7 19 7% 4406 342671 27977 20%
c { 11.26 112 108 18 44 10221 16 198557 35188 1.4 13 9 6 12 5% 4406 342671 27977 20%
c - 11.28 113 108 18 45 10237 16 198707 29879 1.4 13 9 6 12 5% 4406 342670 27977 20%
c - 11.53 114 110 18 46 10629 15 205415 31602 1.4 13 9 6 12 6% 4411 342652 27977 20%
c u 11.84 109 110 18 46 11005 14 211293 35773 1.5 13 9 6 12 6% 4449 342643 27977 20%
c v 11.88 111 110 18 46 11005 14 211293 35344 1.5 13 9 6 12 6% 4449 342643 27977 20%
c w 11.90 111 110 18 46 11005 14 211293 35311 1.5 13 9 6 12 6% 4449 342643 27977 20%
c x 11.93 111 110 18 46 11005 14 211293 35303 1.5 13 9 6 12 6% 4449 342577 27977 20%
c t 11.96 111 110 18 46 11005 14 211293 35303 1.5 13 9 6 12 6% 4447 342577 27977 20%
c - 12.03 112 109 18 47 11105 14 212197 33087 1.5 13 9 6 12 6% 4449 342576 27977 20%
c - 12.21 114 105 18 48 11539 13 219052 35485 1.5 13 9 6 12 6% 4461 342564 27977 20%
c } 12.30 114 105 19 48 11612 13 220902 36992 1.5 13 9 6 12 6% 4468 342557 27977 20%
c [ 12.30 114 75 19 48 11612 2 220902 36992 1.6 28 17 7 19 7% 4468 342557 27977 20%
c
c seconds    switched     rate          size/glue  tier1    binary          remaining
c         MB   reductions   conflicts         size   tier2     irredundant
c          level    restarts       redundant     glue   trail          variables
c
c W 12.35 112 75 19 48 11612 2 220902 36992 1.6 28 17 7 19 7% 4468 342557 27977 20%
c - 12.46 113 76 19 49 11615 2 225981 37443 1.6 28 17 7 19 7% 4470 342547 27977 20%
c o 12.48 113 76 19 49 11616 2 226393 37838 1.6 28 17 7 19 7% 4470 342547 27977 20%
c - 12.66 114 75 19 50 11618 2 232981 38038 1.6 29 17 7 19 7% 4470 342534 27977 20%
c - 12.82 104 74 19 51 11623 2 240052 38460 1.7 29 17 7 19 7% 4470 342511 27977 20%
c - 12.94 105 70 19 52 11625 2 247193 40855 1.7 29 17 7 19 7% 4470 342506 27977 20%
c s 13.16 105 67 19 52 11626 2 252892 46132 1.7 29 17 7 19 7% 4471 340123 27977 20%
c e 13.44 129 67 19 52 11626 2 252892 46132 1.7 29 17 7 19 7% 4410 417910 20550 14%
c s 13.52 129 67 19 52 11626 2 252892 46132 1.7 29 17 7 19 7% 4416 416673 20550 14%
c e 13.57 129 67 19 52 11626 2 252892 46132 1.7 29 17 7 19 7% 4412 416719 20547 14%
c ! 13.57 129 67 19 52 11626 2 252892 46132 1.7 29 17 7 19 7% 4412 416719 20547 14%
c u 13.65 116 67 19 52 11626 2 253029 27657 1.7 29 17 7 19 7% 4412 416719 20547 14%
c v 13.68 117 67 19 52 11626 2 253029 27199 1.7 29 17 7 19 7% 4412 416719 20547 14%
c w 13.70 117 67 19 52 11626 2 253029 27021 1.7 29 17 7 19 7% 4412 416719 20547 14%
c x 13.74 120 67 19 52 11626 2 253029 27020 1.7 29 17 7 19 7% 4412 416565 20547 14%
c t 13.77 120 67 19 52 11626 2 253029 27020 1.7 29 17 7 19 7% 4410 416565 20547 14%
c - 13.88 121 66 19 53 11626 2 254404 25548 1.7 29 17 7 18 6% 4410 416563 20547 14%
c ] 13.91 121 65 20 53 11627 2 256009 26982 1.7 29 17 7 18 6% 4410 416563 20547 14%
c { 13.91 121 105 20 53 11627 13 256009 26982 1.5 13 9 6 12 6% 4410 416563 20547 14%
c - 14.08 124 102 20 54 12426 13 261684 28465 1.5 14 9 6 12 6% 4411 416509 20547 14%
c
c seconds     switched      rate          size/glue tier1    binary          remaining
c         MB    reductions    conflicts         size  tier2     irredundant
c           level    restarts        redundant    glue   trail          variables
c
c - 14.34 125 100 20 55 13352 13 269032 31584 1.5 14 9 6 12 6% 4412 416447 20547 14%
c - 14.56 126 98 20 56 14328 13 276448 33187 1.5 14 9 6 12 6% 4413 416399 20547 14%
c } 14.81 118 97 21 56 15156 13 282748 38429 1.5 14 10 6 12 6% 4417 416355 20547 14%
c [ 14.81 118 65 21 56 15156 2 282748 38429 1.7 29 17 7 18 6% 4417 416355 20547 14%
c I 14.81 118 65 21 56 15156 2 282748 38429 1.7 29 17 7 18 6% 4417 416355 20547 14%
c - 14.85 120 68 21 57 15157 2 283932 34547 1.7 29 17 7 18 6% 4417 416354 20547 14%
c - 15.03 120 66 21 58 15162 2 291482 34446 1.7 29 18 7 19 6% 4418 416348 20547 14%
c - 15.25 121 63 21 59 15165 2 299097 32948 1.6 30 18 7 19 6% 4418 416348 20547 14%
c u 15.34 122 63 21 59 15165 2 299717 30666 1.6 30 18 7 19 6% 4418 416348 20547 14%
c v 15.39 122 63 21 59 15165 2 299717 29474 1.6 30 18 7 19 6% 4418 416348 20547 14%
c w 15.41 122 63 21 59 15165 2 299717 29417 1.6 30 18 7 19 6% 4418 416348 20547 14%
c x 15.46 125 63 21 59 15165 2 299717 29406 1.6 30 18 7 19 6% 4418 416145 20547 14%
c t 15.49 125 63 21 59 15165 2 299717 29406 1.6 30 18 7 19 6% 4416 416145 20547 14%
c o 15.56 125 63 21 59 15165 2 299717 29406 1.6 30 18 7 19 6% 4416 416145 20547 14%
c - 15.77 116 63 21 60 15169 2 306779 29518 1.6 31 19 7 19 6% 4416 416144 20547 14%
c - 16.01 116 61 21 61 15170 2 314525 30213 1.6 32 20 7 20 6% 4416 416143 20547 14%
c ] 16.02 116 61 22 61 15170 2 314813 30479 1.6 32 20 7 20 6% 4416 416143 20547 14%
c { 16.02 116 97 22 61 15170 13 314813 30479 1.5 14 10 6 12 6% 4416 416143 20547 14%
c - 16.50 124 94 22 62 16676 13 322335 33567 1.4 14 10 6 12 5% 4441 416119 20547 14%
c - 17.08 126 92 22 63 18274 13 330209 37145 1.4 15 10 6 12 6% 4472 416089 20547 14%
c
c seconds    switched      rate          size/glue  tier1    binary          remaining
c         MB   reductions    conflicts         size   tier2     irredundant
c          level    restarts        redundant     glue   trail          variables
c
c - 17.69 123 89 22 64 19784 13 338147 39914 1.4 15 11 6 12 6% 4490 416065 20547 14%
c - 18.34 124 87 22 65 21265 13 346147 42349 1.4 16 11 6 13 6% 4509 416033 20547 14%
c } 18.35 124 86 23 65 21279 13 346329 42505 1.4 16 11 6 13 6% 4509 416033 20547 14%
c [ 18.35 124 61 23 65 21279 2 346329 42505 1.6 32 20 7 20 6% 4509 416033 20547 14%
c B 18.35 124 61 23 65 21279 2 346329 42505 1.6 32 20 7 20 6% 4509 416033 20547 14%
c u 18.57 127 61 23 65 21281 2 350705 44406 1.6 32 19 7 20 6% 4509 416029 20547 14%
c v 18.65 127 61 23 65 21281 2 350705 42581 1.6 32 19 7 20 6% 4509 416029 20547 14%
c w 18.69 127 61 23 65 21281 2 350705 42537 1.6 32 19 7 20 6% 4509 416029 20547 14%
c x 18.76 127 61 23 65 21281 2 350705 42394 1.6 32 19 7 20 6% 4509 415833 20547 14%
c - 19.33 114 61 23 66 21284 2 354209 39500 1.6 31 19 7 20 7% 4509 415833 20547 14%
c - 19.54 119 61 23 67 21288 2 362334 38492 1.6 31 19 7 20 7% 4509 415826 20547 14%
c s 19.73 119 60 23 67 21288 2 363896 39881 1.6 31 19 7 20 7% 4513 411800 20547 14%
c e 19.80 125 60 23 67 21288 2 363896 39881 1.6 31 19 7 20 7% 4511 411908 20529 14%
c s 19.96 125 60 23 67 21288 2 363896 39881 1.6 31 19 7 20 7% 4511 408596 20529 14%
c e 20.02 125 60 23 67 21288 2 363896 39881 1.6 31 19 7 20 7% 4511 408616 20527 14%
c - 20.13 125 59 23 68 21292 2 370520 37989 1.6 31 19 7 20 6% 4511 408616 20527 14%
c - 20.25 126 56 23 69 21293 2 378766 38060 1.6 31 19 7 20 6% 4511 408614 20527 14%
c - 20.38 116 55 23 70 21297 2 387072 39512 1.6 30 19 7 20 6% 4517 408612 20527 14%
c W 20.47 124 55 23 70 21299 2 390040 42190 1.6 30 19 7 20 6% 4519 408608 20527 14%
c o 20.48 124 55 23 70 21299 2 390040 42190 1.6 30 19 7 20 6% 4519 408608 20527 14%
c
c seconds    switched     rate          size/glue  tier1    binary          remaining
c         MB   reductions   conflicts         size   tier2     irredundant
c          level    restarts       redundant     glue   trail          variables
c
c - 20.64 126 56 23 71 21301 2 395438 39298 1.6 31 19 7 20 6% 4519 408607 20527 14%
c - 20.75 110 54 23 72 21307 2 403865 36998 1.6 31 19 7 20 6% 4519 408606 20527 14%
c u 20.90 118 53 23 72 21307 2 406078 38247 1.6 31 19 7 20 6% 4521 408606 20527 14%
c v 20.93 119 53 23 72 21307 2 406078 36947 1.6 31 19 7 20 6% 4521 408606 20527 14%
c w 20.95 120 53 23 72 21307 2 406078 36864 1.6 31 19 7 20 6% 4521 408606 20527 14%
c x 20.99 121 53 23 72 21307 2 406078 36861 1.6 31 19 7 20 6% 4524 408393 20527 14%
c t 21.02 121 53 23 72 21307 2 406078 36861 1.6 31 19 7 20 6% 4523 408393 20527 14%
c - 21.26 124 55 23 73 21308 2 412352 35935 1.6 31 19 7 21 6% 4523 408391 20527 14%
c - 21.44 124 56 23 74 21309 2 420897 36725 1.6 32 20 7 21 7% 4523 408388 20527 14%
c - 21.63 125 56 23 75 21309 2 429499 35623 1.6 33 21 7 22 7% 4523 408388 20527 14%
c - 21.89 126 56 23 76 21312 2 438159 36595 1.6 33 21 7 22 7% 4523 408387 20527 14%
c O 21.89 107 56 23 76 21312 2 438201 36636 1.6 33 21 7 22 7% 4523 408387 20527 14%
c - 22.05 117 60 23 77 21316 2 446877 38691 1.6 32 21 7 22 7% 4523 408384 20527 14%
c - 22.18 118 60 23 78 21322 2 455655 39602 1.6 32 20 7 22 7% 4523 408381 20527 14%
c - 22.30 119 59 23 79 21324 2 464486 40571 1.6 31 20 7 22 7% 4523 408381 20527 14%
c u 22.39 120 60 23 79 21324 2 465798 40595 1.6 31 20 7 22 7% 4523 408381 20527 14%
c v 22.44 121 60 23 79 21324 2 465798 39966 1.6 31 20 7 22 7% 4523 408381 20527 14%
c w 22.46 121 60 23 79 21324 2 465798 39938 1.6 31 20 7 22 7% 4523 408381 20527 14%
c x 22.50 122 60 23 79 21324 2 465798 39937 1.6 31 20 7 22 7% 4523 408065 20527 14%
c - 22.71 123 62 23 80 21327 2 473374 39294 1.6 31 20 7 22 7% 4523 408061 20527 14%
c
c seconds    switched     rate          size/glue  tier1    binary          remaining
c         MB   reductions   conflicts         size   tier2     irredundant
c          level    restarts       redundant     glue   trail          variables
c
c - 22.84 123 59 23 81 21331 2 482319 40555 1.6 31 19 7 22 6% 4523 408061 20527 14%
c ] 22.85 123 59 24 81 21332 2 482847 40996 1.6 31 19 7 22 6% 4523 408061 20527 14%
c { 22.85 123 86 24 81 21332 13 482847 40996 1.4 16 11 6 13 6% 4523 408061 20527 14%
c o 22.87 124 87 24 81 21341 13 482927 41071 1.4 16 11 6 13 6% 4523 408061 20527 14%
c - 23.14 118 88 24 82 21641 13 491319 43055 1.4 16 11 6 13 6% 4527 408052 20527 14%
c s 23.44 123 89 24 82 21862 12 499413 49372 1.4 16 11 6 13 6% 4529 404921 20527 14%
c e 23.50 127 89 24 82 21862 12 499413 49372 1.4 16 11 6 13 6% 4529 404943 20525 14%
c s 23.60 127 89 24 82 21862 12 499413 49372 1.4 16 11 6 13 6% 4529 404623 20525 14%
c - 23.68 115 89 24 83 21963 12 500374 43606 1.4 16 11 6 13 6% 4529 404623 20525 14%
c - 23.94 122 91 24 84 22316 12 509484 44844 1.5 16 11 6 13 6% 4534 404609 20525 14%
c - 24.25 123 92 24 85 22697 11 518649 46503 1.5 16 11 6 13 6% 4536 404604 20525 14%
c } 24.29 124 93 25 85 22715 11 519525 47306 1.5 16 11 6 13 6% 4536 404603 20525 14%
c [ 24.29 124 59 25 85 22715 2 519525 47306 1.6 31 19 7 22 6% 4536 404603 20525 14%
c B 24.29 124 59 25 85 22715 2 519525 47306 1.6 31 19 7 22 6% 4536 404603 20525 14%
c - 24.47 125 64 25 86 22720 2 527868 46933 1.6 31 19 7 22 7% 4536 404601 20525 14%
c d 24.53 125 64 25 86 22721 2 530025 48921 1.6 31 20 7 22 7% 4534 404601 20524 14%
c u 24.61 126 64 25 86 22721 2 530025 45318 1.6 31 20 7 22 7% 4538 404601 20524 14%
c v 24.66 126 64 25 86 22721 2 530025 44549 1.6 31 20 7 22 7% 4538 404601 20524 14%
c w 24.69 126 64 25 86 22721 2 530025 44537 1.6 31 20 7 22 7% 4538 404601 20524 14%
c x 24.74 126 64 25 86 22721 2 530025 44525 1.6 31 20 7 22 7% 4538 404318 20524 14%
c
c seconds    switched     rate          size/glue  tier1    binary          remaining
c         MB   reductions   conflicts         size   tier2     irredundant
c          level    restarts       redundant     glue   trail          variables
c
c u 24.86 127 64 25 86 22721 2 530025 43585 1.6 31 20 7 22 7% 4538 404318 20524 14%
c v 24.91 127 64 25 86 22721 2 530025 42898 1.6 31 20 7 22 7% 4538 404318 20524 14%
c w 24.93 127 64 25 86 22721 2 530025 42872 1.6 31 20 7 22 7% 4538 404318 20524 14%
c x 24.98 127 64 25 86 22721 2 530025 42870 1.6 31 20 7 22 7% 4538 404191 20524 14%
c - 25.19 117 65 25 87 22724 2 537141 42108 1.6 31 19 7 22 7% 4538 404186 20524 14%
c - 25.35 118 63 25 88 22729 2 546468 43585 1.6 31 19 7 22 7% 4538 404184 20524 14%
c - 25.50 118 61 25 89 22730 2 555848 44789 1.6 31 19 7 22 6% 4538 404184 20524 14%
c - 25.67 119 59 25 90 22736 2 565282 45197 1.6 31 19 7 21 6% 4538 404183 20524 14%
c ] 25.86 119 58 26 90 22739 2 571432 50918 1.7 32 19 7 21 6% 4538 404183 20524 14%
c { 25.86 119 93 26 90 22739 11 571432 50918 1.5 16 11 6 13 6% 4538 404183 20524 14%
c - 26.00 124 93 26 91 22899 11 574768 46391 1.5 16 11 6 13 6% 4538 404182 20524 14%
c o 26.26 126 93 26 91 23307 11 582951 53263 1.5 16 11 6 13 6% 4542 404180 20524 14%
c - 26.31 116 93 26 92 23374 11 584308 48038 1.5 16 11 6 13 6% 4542 404180 20524 14%
c - 26.56 122 92 26 93 23750 10 593899 49588 1.5 16 11 6 13 6% 4542 404175 20524 14%
c u 26.76 124 92 26 93 23958 10 598760 52307 1.5 16 11 6 13 6% 4542 404173 20524 14%
c v 26.81 125 92 26 93 23958 10 598760 51072 1.5 16 11 6 13 6% 4542 404173 20524 14%
c w 26.84 125 92 26 93 23958 10 598760 51030 1.5 16 11 6 13 6% 4542 404173 20524 14%
c x 26.89 125 92 26 93 23958 10 598760 51027 1.5 16 11 6 13 6% 4542 403695 20524 14%
c - 27.07 126 91 26 94 24119 10 603544 48624 1.5 16 11 6 13 6% 4542 403691 20524 14%
c - 27.40 122 91 26 95 24653 10 613239 51010 1.5 16 11 6 13 6% 4545 403689 20524 14%
c
c seconds    switched      rate          size/glue  tier1    binary          remaining
c         MB   reductions    conflicts         size   tier2     irredundant
c          level    restarts        redundant     glue   trail          variables
c
c } 27.41 122 91 27 95 24653 10 613650 51259 1.5 16 11 6 13 6% 4545 403689 20524 14%
c [ 27.41 122 58 27 95 24653 2 613650 51259 1.7 32 19 7 21 6% 4545 403689 20524 14%
c W 27.46 125 58 27 95 24653 2 613650 51259 1.7 32 19 7 21 6% 4545 403689 20524 14%
c - 27.62 126 56 27 96 24659 2 622985 51791 1.7 31 19 7 21 6% 4545 403689 20524 14%
c - 27.77 126 54 27 97 24663 2 632783 52068 1.7 31 19 7 21 6% 4545 403686 20524 14%
c - 27.96 109 51 27 98 24667 2 642632 53798 1.7 31 19 7 21 5% 4545 403685 20524 14%
c - 28.14 111 49 27 99 24670 2 652532 55871 1.7 31 18 7 21 5% 4545 403685 20524 14%
c s 28.39 112 48 27 99 24674 2 661017 63110 1.7 31 18 7 21 5% 4546 403519 20524 14%
c e 28.45 123 48 27 99 24674 2 661017 63110 1.7 31 18 7 21 5% 4546 403537 20522 14%
c s 28.57 123 48 27 99 24674 2 661017 63110 1.7 31 18 7 21 5% 4547 403508 20522 14%
c - 28.63 123 48 27 100 24674 2 662481 55844 1.7 31 18 7 21 5% 4547 403508 20522 14%
c u 28.99 121 48 27 100 24681 2 672104 63939 1.7 32 19 7 21 5% 4547 403508 20522 14%
c v 29.04 122 48 27 100 24681 2 672104 63530 1.7 32 19 7 21 5% 4547 403508 20522 14%
c w 29.08 124 48 27 100 24681 2 672104 63519 1.7 32 19 7 21 5% 4547 403508 20522 14%
c x 29.12 125 48 27 100 24681 2 672104 63518 1.7 32 19 7 21 5% 4547 402983 20522 14%
c t 29.35 130 48 27 100 24681 2 672104 63518 1.7 32 19 7 21 5% 4546 402983 20522 14%
c - 29.40 110 48 27 101 24681 2 672481 51823 1.7 32 19 7 21 5% 4546 402983 20522 14%
c ] 29.47 110 48 28 101 24681 2 675016 54092 1.7 32 19 7 21 5% 4546 402983 20522 14%
c { 29.47 110 91 28 101 24681 10 675016 54092 1.5 16 11 6 13 6% 4546 402983 20522 14%
c - 29.72 123 89 28 102 25118 10 682530 50916 1.5 16 11 6 13 6% 4546 402980 20522 14%
c
c seconds    switched      rate          size/glue  tier1    binary          remaining
c         MB   reductions    conflicts         size   tier2     irredundant
c          level     restarts       redundant     glue   trail          variables
c
c - 30.02 125 89 28 103 25710 9 692629 53548 1.5 16 11 6 13 6% 4547 402970 20522 14%
c o 30.04 125 89 28 103 25711 9 693060 53855 1.5 16 11 6 13 6% 4547 402970 20522 14%
c - 30.35 121 88 28 104 26133 9 702777 55345 1.5 16 11 6 13 6% 4550 402969 20522 14%
c - 30.61 124 87 28 105 26566 9 712976 56944 1.5 16 11 6 13 6% 4551 402967 20522 14%
c } 30.92 125 86 29 105 27215 9 723155 65349 1.5 16 11 6 13 6% 4552 402966 20522 14%
c [ 30.92 125 48 29 105 27215 2 723155 65349 1.7 32 19 7 21 5% 4552 402966 20522 14%
c I 30.92 125 48 29 105 27215 2 723155 65349 1.7 32 19 7 21 5% 4552 402966 20522 14%
c - 30.94 125 48 29 106 27215 2 723223 58865 1.7 32 19 7 21 5% 4552 402966 20522 14%
c - 31.25 117 57 29 107 27221 2 733518 58993 1.6 33 20 7 21 5% 4563 402963 20522 14%
c - 31.53 118 55 29 108 27227 2 743864 58357 1.6 32 20 7 21 5% 4563 402962 20522 14%
c u 31.77 121 54 29 108 27229 2 750104 62353 1.6 32 20 7 21 6% 4563 402962 20522 14%
c v 31.83 121 54 29 108 27229 2 750104 61570 1.6 32 20 7 21 6% 4563 402962 20522 14%
c w 31.87 122 54 29 108 27229 2 750104 61461 1.6 32 20 7 21 6% 4563 402962 20522 14%
c x 31.94 123 54 29 108 27229 2 750104 61460 1.6 32 20 7 21 6% 4563 399466 20522 14%
c t 31.97 123 54 29 108 27229 2 750104 61460 1.6 32 20 7 21 6% 4561 399466 20522 14%
c - 32.13 124 53 29 109 27229 2 754258 57844 1.6 32 20 7 21 6% 4561 399466 20522 14%
c - 32.44 125 50 29 110 27235 2 764698 59867 1.6 32 19 7 21 6% 4561 399466 20522 14%
c ] 32.52 125 50 30 110 27236 2 767360 62244 1.6 32 19 7 21 6% 4561 399466 20522 14%
c { 32.52 125 86 30 110 27236 9 767360 62244 1.5 16 11 6 13 6% 4561 399466 20522 14%
c - 32.75 119 85 30 111 27505 8 775186 61689 1.5 17 11 6 12 6% 4563 399466 20522 14%
c
c seconds    switched      rate          size/glue  tier1    binary          remaining
c         MB   reductions    conflicts         size   tier2     irredundant
c          level     restarts       redundant     glue   trail          variables
c
c - 33.04 124 84 30 112 28156 8 785721 62461 1.5 17 11 6 12 5% 4565 399465 20522 14%
c - 33.29 126 82 30 113 28669 8 796305 62211 1.5 16 11 6 12 5% 4568 399458 20522 14%
c - 33.62 121 83 30 114 29143 8 806935 62852 1.5 16 11 6 12 5% 4575 399454 20522 14%
c o 33.81 123 83 30 114 29474 8 813073 67557 1.5 16 11 6 12 5% 4577 399450 20522 14%
c - 33.98 126 83 30 115 29806 8 817612 63521 1.5 16 11 6 12 5% 4580 399447 20522 14%
c } 34.12 127 83 31 115 30036 8 821797 66942 1.5 16 11 6 12 5% 4580 399446 20522 14%
c [ 34.12 127 50 31 115 30036 2 821797 66942 1.6 32 19 7 21 6% 4580 399446 20522 14%
c B 34.12 127 50 31 115 30036 2 821797 66942 1.6 32 19 7 21 6% 4580 399446 20522 14%
c - 34.21 127 49 31 116 30040 2 828335 63445 1.6 31 19 7 21 5% 4580 399446 20522 14%
c u 34.39 118 48 31 116 30042 2 832762 64001 1.6 31 19 7 21 5% 4586 399446 20522 14%
c v 34.45 121 48 31 116 30042 2 832762 62207 1.6 31 19 7 21 5% 4586 399446 20522 14%
c w 34.48 121 48 31 116 30042 2 832762 62126 1.6 31 19 7 21 5% 4586 399446 20522 14%
c x 34.55 122 48 31 116 30042 2 832762 62113 1.6 31 19 7 21 5% 4586 394752 20522 14%
c t 34.58 122 48 31 116 30042 2 832762 62113 1.6 31 19 7 21 5% 4585 394752 20522 14%
c - 34.80 124 49 31 117 30045 2 839105 58666 1.6 32 20 7 21 6% 4586 394752 20522 14%
c - 34.95 125 49 31 118 30050 2 849924 60535 1.6 31 19 7 21 5% 4586 394752 20522 14%
c s 35.12 125 49 31 118 30050 2 850168 60752 1.6 31 19 7 21 5% 4589 391790 20522 14%
c e 35.24 128 49 31 118 30050 2 850168 60752 1.6 31 19 7 21 5% 4564 391951 20505 14%
c s 35.40 128 49 31 118 30050 2 850168 60752 1.6 31 19 7 21 5% 4564 390834 20505 14%
c e 35.45 128 49 31 118 30050 2 850168 60752 1.6 31 19 7 21 5% 4564 390904 20499 14%
c
c seconds    switched      rate          size/glue  tier1    binary          remaining
c         MB   reductions    conflicts         size   tier2     irredundant
c          level     restarts       redundant     glue   trail          variables
c
c - 35.69 112 48 31 119 30053 2 860786 62431 1.6 31 19 7 21 5% 4564 390904 20499 14%
c - 35.94 112 47 31 120 30059 2 871696 62240 1.6 31 19 7 21 5% 4564 390904 20499 14%
c - 36.14 118 47 31 121 30064 2 882651 64714 1.6 31 19 7 21 5% 4568 390904 20499 14%
c - 36.36 120 49 31 122 30066 2 893652 66549 1.7 32 19 7 21 6% 4577 390903 20499 14%
c W 36.43 124 49 31 122 30066 2 894774 67552 1.7 32 19 7 21 6% 4577 390903 20499 14%
c ] 36.46 125 50 32 122 30066 2 896722 69333 1.7 32 19 7 21 6% 4577 390903 20499 14%
c { 36.46 125 83 32 122 30066 8 896722 69333 1.5 16 11 6 12 5% 4577 390903 20499 14%
c - 36.69 122 83 32 123 30350 8 904699 67737 1.5 16 11 6 12 5% 4577 390902 20499 14%
c - 37.02 125 84 32 124 30781 8 915790 69063 1.5 16 11 6 12 5% 4579 390902 20499 14%
c u 37.24 126 83 32 124 31071 8 920100 71109 1.5 16 11 6 12 5% 4579 390902 20499 14%
c v 37.29 126 83 32 124 31071 8 920100 69623 1.5 16 11 6 12 5% 4579 390902 20499 14%
c w 37.32 126 83 32 124 31071 8 920100 69576 1.5 16 11 6 12 5% 4579 390902 20499 14%
c x 37.37 126 83 32 124 31071 8 920100 69555 1.5 16 11 6 12 5% 4579 389828 20499 14%
c - 37.65 120 83 32 125 31472 8 926925 67000 1.5 17 11 6 12 5% 4581 389828 20499 14%
c - 37.98 124 82 32 126 32154 7 938105 68504 1.5 17 11 6 12 5% 4584 389828 20499 14%
c o 38.14 124 83 32 126 32389 7 943240 72714 1.5 17 11 6 12 5% 4584 389828 20499 14%
c - 38.36 116 83 32 127 32760 7 949330 70609 1.5 17 11 6 12 5% 4584 389828 20499 14%
c } 38.65 123 84 33 127 33076 7 957826 77515 1.5 17 11 6 12 5% 4584 389828 20499 14%
c [ 38.65 123 50 33 127 33076 2 957826 77515 1.7 32 19 7 21 6% 4584 389828 20499 14%
c - 38.72 125 51 33 128 33078 2 960599 72409 1.7 32 19 7 21 6% 4586 389827 20499 14%
c
c seconds    switched      rate          size/glue  tier1    binary          remaining
c         MB   reductions    conflicts         size   tier2     irredundant
c          level     restarts       redundant     glue   trail          variables
c
c - 38.95 125 52 33 129 33084 2 971914 72977 1.7 32 19 7 21 6% 4592 389827 20499 14%
c O 38.98 125 52 33 129 33085 2 973202 74165 1.7 31 19 7 21 6% 4592 389827 20499 14%
c - 39.15 126 54 33 130 33089 2 983271 72898 1.7 31 19 7 21 6% 4592 389827 20499 14%
c - 39.33 126 54 33 131 33092 2 994672 72934 1.7 32 19 7 21 6% 4592 389827 20499 14%
c - 39.57 127 53 33 132 33097 2 1006118 72607 1.7 32 19 7 21 6% 4592 389827 20499 14%
c u 39.79 117 51 33 132 33102 2 1012157 76061 1.7 32 19 7 21 6% 4593 389827 20499 14%
c v 39.84 117 51 33 132 33102 2 1012157 74812 1.7 32 19 7 21 6% 4593 389827 20499 14%
c w 39.88 118 51 33 132 33102 2 1012157 74489 1.7 32 19 7 21 6% 4593 389827 20499 14%
c x 39.93 118 51 33 132 33102 2 1012157 74484 1.7 32 19 7 21 6% 4593 388158 20499 14%
c - 40.11 119 51 33 133 33104 2 1017608 68987 1.7 32 19 7 21 6% 4593 388158 20499 14%
c - 40.39 120 49 33 134 33106 2 1029140 68905 1.6 32 19 7 21 5% 4593 388158 20499 14%
c ] 40.63 120 47 34 134 33106 2 1037656 76070 1.6 32 19 7 21 5% 4593 388158 20499 14%
c { 40.63 120 84 34 134 33106 7 1037656 76070 1.5 17 11 6 12 5% 4593 388158 20499 14%
c - 40.73 123 83 34 135 33156 7 1040718 69544 1.5 17 11 6 12 5% 4593 388158 20499 14%
c - 41.09 127 82 34 136 33343 7 1052337 73130 1.5 17 11 6 12 6% 4597 388158 20499 14%
c - 41.44 122 80 34 137 33621 7 1063998 75571 1.6 17 11 6 12 6% 4604 388158 20499 14%
c s 41.71 123 79 34 137 33690 6 1067689 78281 1.6 17 11 6 12 6% 4608 380925 20499 14%
c e 41.81 127 79 34 137 33690 6 1067689 78281 1.6 17 11 6 12 6% 4604 386353 20131 14%
c s 41.90 127 79 34 137 33690 6 1067689 78281 1.6 17 11 6 12 6% 4604 386062 20131 14%
c e 41.93 127 79 34 137 33690 6 1067689 78281 1.6 17 11 6 12 6% 4604 386181 20122 14%
c
c seconds    switched      rate           size/glue  tier1    binary          remaining
c         MB   reductions     conflicts         size   tier2     irredundant
c          level     restarts        redundant     glue   trail          variables
c
c - 42.18 121 77 34 138 33815 6 1075702 76394 1.6 17 10 6 12 6% 4612 386181 20122 14%
c o 42.43 124 76 34 138 34158 6 1083593 82806 1.6 17 10 6 12 6% 4619 386181 20122 14%
c - 42.54 125 75 34 139 34343 6 1087450 79127 1.6 17 10 6 12 6% 4620 386181 20122 14%
c - 42.97 123 74 34 140 34623 6 1099239 82395 1.6 17 10 6 12 6% 4628 386180 20122 14%
c } 43.18 125 73 35 140 34794 6 1105803 87741 1.6 17 10 6 12 6% 4629 386180 20122 14%
c [ 43.18 125 47 35 140 34794 2 1105803 87741 1.6 32 19 7 21 5% 4629 386180 20122 14%
c B 43.18 125 47 35 140 34794 2 1105803 87741 1.6 32 19 7 21 5% 4629 386180 20122 14%
c u 43.37 127 49 35 140 34796 2 1109046 88353 1.6 32 19 7 21 5% 4629 386180 20122 14%
c v 43.44 127 49 35 140 34796 2 1109046 87372 1.6 32 19 7 21 5% 4629 386180 20122 14%
c w 43.49 127 49 35 140 34796 2 1109046 87311 1.6 32 19 7 21 5% 4629 386180 20122 14%
c x 43.55 127 49 35 140 34796 2 1109046 87285 1.6 32 19 7 21 5% 4629 385247 20122 14%
c t 43.58 127 49 35 140 34796 2 1109046 87285 1.6 32 19 7 21 5% 4628 385247 20122 14%
c f 43.65 102 49 35 140 34796 2 1109046 87285 1.6 32 19 7 21 5% 4726 384178 20171 14%
c u 43.80 119 49 35 140 34796 2 1109046 86091 1.6 32 19 7 21 5% 4727 384178 20171 14%
c v 43.87 121 49 35 140 34796 2 1109046 84769 1.6 32 19 7 21 5% 4727 384178 20171 14%
c w 43.91 121 49 35 140 34796 2 1109046 84660 1.6 32 19 7 21 5% 4727 384178 20171 14%
c x 43.98 122 49 35 140 34796 2 1109046 84646 1.6 32 19 7 21 5% 4727 382182 20171 14%
c - 44.07 123 49 35 141 34797 2 1111071 78729 1.6 32 19 7 21 5% 4727 382182 20171 14%
c - 44.33 123 50 35 142 34803 2 1122946 79364 1.6 32 20 7 21 5% 4727 382182 20171 14%
c - 44.63 124 50 35 143 34808 2 1134862 78001 1.6 33 20 7 21 5% 4727 382182 20171 14%
c
c seconds    switched      rate           size/glue  tier1    binary          remaining
c         MB   reductions     conflicts         size   tier2     irredundant
c          level     restarts        redundant     glue   trail          variables
c
c - 45.06 124 49 35 144 34814 2 1146820 75983 1.6 35 21 7 21 6% 4727 382182 20171 14%
c - 45.34 125 50 35 145 34820 2 1158820 75955 1.6 35 21 7 21 5% 4727 382182 20171 14%
c - 45.58 117 54 35 146 34823 2 1170861 79108 1.6 34 21 7 21 6% 4727 382182 20171 14%
c - 45.85 118 56 35 147 34824 2 1182944 78589 1.6 35 22 7 21 6% 4727 382182 20171 14%
c ] 45.99 119 56 36 147 34824 2 1189091 83951 1.6 35 22 7 21 6% 4727 382182 20171 14%
c { 45.99 119 73 36 147 34824 6 1189091 83951 1.6 17 10 6 12 6% 4727 382182 20171 14%
c - 46.19 125 74 36 148 35250 6 1195069 78347 1.6 17 10 6 12 6% 4728 382182 20171 14%
c - 46.59 127 73 36 149 36133 6 1207235 81718 1.6 17 10 6 12 6% 4731 382181 20171 14%
c u 46.81 123 74 36 149 36344 6 1210696 82227 1.6 17 10 6 12 6% 4731 382181 20171 14%
c v 46.88 123 74 36 149 36344 6 1210696 79603 1.6 17 10 6 12 6% 4731 382181 20171 14%
c w 46.91 123 74 36 149 36344 6 1210696 79471 1.6 17 10 6 12 6% 4731 382181 20171 14%
c x 46.98 124 74 36 149 36344 6 1210696 79462 1.6 17 10 6 12 6% 4731 380127 20171 14%
c - 47.62 123 73 36 150 36876 6 1219442 79996 1.6 17 10 6 12 6% 4732 380127 20171 14%
c - 48.02 126 75 36 151 37791 6 1231690 83534 1.6 16 10 6 12 5% 4733 380127 20171 14%
c o 48.09 126 75 36 151 37881 6 1233593 85045 1.6 16 10 6 12 5% 4733 380127 20171 14%
c - 48.46 123 75 36 152 38929 6 1243979 85482 1.6 17 11 6 12 5% 4733 380127 20171 14%
c - 48.83 127 74 36 153 39646 7 1256307 86004 1.6 17 11 6 12 5% 4734 380127 20171 14%
c } 49.09 121 74 37 153 40090 7 1264647 92769 1.6 17 11 6 12 5% 4734 380127 20171 14%
c [ 49.09 121 56 37 153 40090 2 1264647 92769 1.6 35 22 7 21 6% 4734 380127 20171 14%
c W 49.15 124 56 37 153 40090 2 1264647 92769 1.6 35 22 7 21 6% 4734 380127 20171 14%
c
c seconds    switched      rate           size/glue  tier1    binary          remaining
c         MB   reductions     conflicts         size   tier2     irredundant
c          level     restarts        redundant     glue   trail          variables
c
c - 49.23 126 58 37 154 40092 2 1268679 86260 1.6 35 22 7 21 6% 4734 380127 20171 14%
c - 49.46 113 59 37 155 40099 2 1281088 85594 1.6 34 21 7 21 6% 4734 380127 20171 14%
c - 49.67 117 59 37 156 40104 2 1293537 86080 1.6 33 21 7 21 6% 4734 380127 20171 14%
c - 49.96 118 57 37 157 40109 2 1306026 85490 1.6 33 21 7 22 6% 4734 380127 20171 14%
c s 50.25 120 56 37 157 40113 2 1315093 93526 1.6 33 21 7 22 6% 4734 379968 20171 14%
c e 50.34 126 56 37 157 40113 2 1315093 93526 1.6 33 21 7 22 6% 4734 380087 20147 14%
c s 50.36 126 56 37 157 40113 2 1315093 93526 1.6 33 21 7 22 6% 4734 379949 20147 14%
c e 50.37 126 56 37 157 40113 2 1315093 93526 1.6 33 21 7 22 6% 4734 379965 20146 14%
c u 50.54 127 56 37 157 40114 2 1317235 93603 1.6 33 21 7 22 6% 4735 379964 20146 14%
c v 50.61 127 56 37 157 40114 2 1317235 92306 1.6 33 21 7 22 6% 4735 379964 20146 14%
c w 50.65 128 56 37 157 40114 2 1317235 92160 1.6 33 21 7 22 6% 4735 379964 20146 14%
c x 50.71 128 56 37 157 40114 2 1317235 92155 1.6 33 21 7 22 6% 4735 379248 20146 14%
c - 50.82 114 57 37 158 40115 2 1318555 81541 1.6 33 20 7 22 6% 4735 379248 20146 14%
c - 51.13 118 60 37 159 40119 2 1331124 82104 1.6 34 21 7 22 7% 4744 379248 20146 14%
c - 51.44 121 60 37 160 40120 2 1343733 83516 1.7 34 21 7 22 7% 4747 379247 20146 14%
c - 51.78 122 59 37 161 40124 2 1356382 85688 1.7 35 21 7 22 7% 4747 379247 20146 14%
c I 51.92 123 59 37 161 40127 2 1360363 89437 1.7 35 21 7 22 7% 4747 379247 20146 14%
c ] 51.93 123 59 38 161 40127 2 1361025 90048 1.7 35 21 7 22 7% 4747 379247 20146 14%
c { 51.93 123 74 38 161 40127 7 1361025 90048 1.6 17 11 6 12 5% 4747 379247 20146 14%
c - 52.49 118 73 38 162 41248 7 1369070 88680 1.6 17 11 6 12 5% 4761 379247 20146 14%
c
c seconds    switched      rate           size/glue  tier1    binary          remaining
c         MB   reductions     conflicts         size   tier2     irredundant
c          level     restarts        redundant     glue   trail          variables
c
c - 53.28 124 72 38 163 43338 7 1381797 91988 1.5 17 11 6 12 5% 4785 379247 20146 14%
c o 54.04 127 71 38 163 45054 7 1393598 102687 1.5 17 11 6 12 6% 4811 379247 20146 14%
c - 54.13 128 71 38 164 45269 7 1394564 95439 1.5 17 11 6 12 6% 4811 379247 20146 14%
c - 54.96 127 69 38 165 47314 7 1407371 97882 1.5 18 12 6 12 6% 4826 379247 20146 14%
c - 55.90 123 69 38 166 49285 7 1420216 99711 1.5 18 12 6 12 6% 4844 379246 20146 14%
c u 56.63 128 68 38 166 50209 7 1428742 103716 1.5 18 12 6 12 6% 4853 379246 20146 14%
c v 56.75 128 68 38 166 50209 7 1428742 100911 1.5 18 12 6 12 6% 4853 379246 20146 14%
c w 56.82 129 68 38 166 50209 7 1428742 100729 1.5 18 12 6 12 6% 4853 379246 20146 14%
c x 56.93 131 68 38 166 50209 7 1428742 100716 1.5 18 12 6 12 6% 4853 375657 20146 14%
c t 56.96 131 68 38 166 50209 7 1428742 100716 1.5 18 12 6 12 6% 4851 375657 20146 14%
c f 56.97 102 68 38 166 50209 7 1428742 100716 1.5 18 12 6 12 6% 4804 375653 20149 14%
c u 57.14 121 68 38 166 50209 7 1428742 99325 1.5 18 12 6 12 6% 4804 375653 20149 14%
c v 57.27 124 68 38 166 50209 7 1428742 96641 1.5 18 12 6 12 6% 4804 375653 20149 14%
c w 57.34 125 68 38 166 50209 7 1428742 96441 1.5 18 12 6 12 6% 4804 375653 20149 14%
c x 57.48 127 68 38 166 50209 7 1428742 96434 1.5 18 12 6 12 6% 4804 365368 20149 14%
c - 57.84 123 69 38 167 50482 7 1433100 91055 1.5 18 12 6 12 6% 4814 365368 20149 14%
c } 58.47 126 69 39 167 51464 7 1444360 101334 1.5 19 12 6 12 6% 4825 365368 20149 14%
c [ 58.47 126 59 39 167 51464 2 1444360 101334 1.7 35 21 7 22 7% 4825 365368 20149 14%
c - 58.53 127 59 39 168 51465 2 1446024 92799 1.7 35 21 7 22 7% 4825 365368 20149 14%
c - 58.93 118 57 39 169 51472 2 1458985 88976 1.7 35 21 7 22 7% 4825 365368 20149 14%
c
c seconds    switched      rate           size/glue  tier1    binary          remaining
c         MB   reductions     conflicts         size   tier2     irredundant
c          level     restarts        redundant     glue   trail          variables
c
c B 59.02 118 57 39 169 51474 2 1462140 91832 1.7 35 21 7 22 7% 4825 365368 20149 14%
c - 59.24 120 56 39 170 51478 2 1471986 84594 1.7 35 21 7 22 7% 4825 365368 20149 14%
c - 59.49 121 57 39 171 51484 2 1485024 82939 1.7 35 21 7 22 6% 4825 365368 20149 14%
c - 59.87 122 58 39 172 51491 2 1498100 80526 1.6 36 22 7 22 6% 4825 365368 20149 14%
c ] 59.99 122 58 39 172 51492 2 1501192 83325 1.6 37 23 7 22 6% 4825 365368 20149 14%
c ? 59.99 122 69 39 172 51492 7 1501192 83325 1.5 19 12 6 12 6% 4825 365368 20149 14%
c
c ---- [ result ] ------------------------------------------------------------
c
s UNKNOWN
c
c ---- [ profiling ] ---------------------------------------------------------
c
c          44.41   74.02 %  search
c          24.44   40.74 %  focused
c          19.97   33.29 %  stable
c          15.30   25.50 %  simplify
c          10.60   17.68 %  probe
c           5.64    9.41 %  vivify
c           4.57    7.61 %  eliminate
c           1.91    3.18 %  subsume
c           1.50    2.50 %  substitute
c           1.38    2.30 %  sweep
c           1.16    1.93 %  reduce
c           1.05    1.75 %  factor
c           0.74    1.23 %  congruence
c           0.32    0.53 %  walking
c           0.20    0.34 %  preprocess
c           0.19    0.31 %  transitive
c           0.11    0.18 %  backbone
c           0.05    0.09 %  parse
c           0.03    0.05 %  lucky
c =============================================
c          59.99  100.00 %  total
c
c ---- [ statistics ] --------------------------------------------------------
c
c backbone_computations:                   71            21144    interval
c backbone_ticks:                    10949273 
c chronological:                         5597                0 %  conflicts
c clauses_added:                      3031795              100 %  added
c clauses_binary:                        4825                0 %  added
c clauses_irredundant:                 365368               12 %  added
c clauses_learned:                    1390137               93 %  conflicts
c clauses_original:                    518796               17 %  added
c clauses_redundant:                    83325 
c clauses_used:                       6048477              435 %  learned
c clauses_used_focused:               1341560               22 %  used
c clauses_used_stable:                4706917               78 %  used
c closures:                                11           136472    interval
c conflicts:                          1501192            25023.45 per second
c congruent:                            13274                9 %  variables
c congruent_gates:                     779189            70835.36 per closure
c congruent_gates_ands:                148429               19 %  gates
c congruent_gates_ites:                163393               21 %  gates
c congruent_gates_xors:                467367               60 %  gates
c congruent_matched:                    40166              303 %  congruent
c congruent_matched_ands:                   0                0 %  matched
c congruent_matched_ites:                   0                0 %  matched
c congruent_matched_xors:               40166              100 %  matched
c decisions:                          6410804                4.27 per conflict
c eliminated:                          108068               76 %  variables
c eliminate_resolutions:             26416265           440334.18 per second
c eliminations:                            12           125099    interval
c factored:                                88                0 %  variables
c factorizations:                          32            46912    interval
c factor_ticks:                      79228881 
c fast_eliminated:                          0                0 %  eliminated
c fast_strengthened:                        0                0 %  per strengthened
c fast_subsumed:                            0                0 %  per subsumed
c forward_checks:                   363421974 
c forward_steps:                    471181688                1.30 per check
c iterations:                               0                0 %  variables
c kitten_propagations:               36610704               42.20 per solved
c kitten_solved:                       867483 
c kitten_ticks:                     148803241                4.06 per prop
c literals_factor:                     473733                3.34 per variable
c probings:                                28            53614    interval
c probing_ticks:                    487800142 
c propagations:                     336115302          5602725    per second
c random_sequences:                       486             3089    interval
c reductions:                             172             8728    interval
c reordered:                               17            88305    interval
c rephased:                                28            53614    interval
c restarts:                             51492               29    interval
c retiered:                                36            41700    interval
c searches:                                 1          1501192    interval
c search_ticks:                    3676585845 
c strengthened:                         96140                0 %  checks
c substituted:                          13464                9 %  variables
c substitute_ticks:                  27411616 
c subsumed:                             34334                0 %  checks
c subsumption_checks:               363421974 
c sweep:                                    9           166799    interval
c sweep_completed:                          0                0.00 sweeps
c sweep_equivalences:                     181                0 %  variables
c sweep_solved:                         93484               11 %  kitten_solved
c sweep_units:                              0                0 %  variables
c switched:                                39            38492    interval
c transitive_ticks:                  22585069 
c units:                                  330                0 %  variables
c variables_activated:                 142011                1.00 per variable
c variables_eliminate:                 414512                2.92 variables
c variables_extension:                     88                0.00 per variable
c variables_factor:                         0                0.00 per variable
c variables_original:                  141923                1.00 per variable
c variables_subsume:                   259044                1.83 per variable
c vivifications:                           35            42891    interval
c vivified:                            170912               22 %  checks
c vivify_checks:                       794147            22690    per vivify
c vivify_probes:                      6348726                7.99 per check
c vivify_reused:                      2569686               40 %  probes
c walks:                                    9           166799    interval
c walk_steps:                        52352904 
c warming_decisions:                     7457              828.56 per walk
c warming_propagations:                363928                0 %  propagations
c warmups:                                  9              100 %  walks
c
c ---- [ glue usage ] --------------------------------------------------------
c
c focused glue 6    used 124332 clauses  9.27% accumulated 55.46% tier1
c focused glue 7    used 113276 clauses  8.44% accumulated 63.90%
c focused glue 8-10 used 259016 clauses 19.31% accumulated 83.21%
c focused glue 11   used  53634 clauses  4.00% accumulated 87.21%
c focused glue 12   used  39682 clauses  2.96% accumulated 90.16% tier2
c
c stable glue 7    used  351351 clauses  7.46% accumulated 53.77% tier1
c stable glue 8    used  254717 clauses  5.41% accumulated 59.18%
c stable glue 9-20 used 1376070 clauses 29.24% accumulated 88.41%
c stable glue 21   used   55042 clauses  1.17% accumulated 89.58%
c stable glue 22   used   50191 clauses  1.07% accumulated 90.65% tier2
c
c ---- [ resources ] ---------------------------------------------------------
c
c maximum-resident-set-size:        144998400 bytes        138 MB
c process-time:                             1m              59.99 seconds
c
c ---- [ shutting down ] -----------------------------------------------------
c
c exit 0
